0 0.103297 0.093426 0.043956 0.159170
1 0.152747 0.096886 0.050549 0.159170
2 0.206593 0.095156 0.048352 0.155709
3 0.260440 0.095156 0.046154 0.155709
4 0.314286 0.096886 0.048352 0.152249
5 0.364835 0.096886 0.048352 0.159170
6 0.417582 0.096886 0.048352 0.159170
7 0.471429 0.096886 0.050549 0.159170
8 0.524176 0.096886 0.041758 0.159170
9 0.578022 0.096886 0.048352 0.159170
10 0.629670 0.098616 0.050549 0.169550
11 0.681319 0.098616 0.052747 0.162630
12 0.735165 0.100346 0.050549 0.159170
13 0.785714 0.098616 0.050549 0.155709
14 0.839560 0.095156 0.052747 0.155709
15 0.893407 0.096886 0.050549 0.159170
16 0.076923 0.346021 0.048352 0.159170
17 0.128571 0.347751 0.050549 0.155709
18 0.184615 0.347751 0.052747 0.155709
19 0.236264 0.344291 0.050549 0.155709
20 0.286813 0.346021 0.050549 0.159170
21 0.339560 0.342561 0.046154 0.159170
22 0.391209 0.346021 0.052747 0.159170
23 0.448352 0.346021 0.052747 0.159170
24 0.496703 0.342561 0.048352 0.159170
25 0.550549 0.344291 0.050549 0.162630
0 0.605495 0.346021 0.041758 0.159170
1 0.656044 0.349481 0.046154 0.166090
2 0.707692 0.344291 0.048352 0.155709
3 0.761538 0.351211 0.050549 0.162630
4 0.814286 0.349481 0.046154 0.159170
5 0.865934 0.349481 0.048352 0.152249
6 0.920879 0.347751 0.057143 0.169550
7 0.026374 0.593426 0.048352 0.176471
8 0.081319 0.600346 0.043956 0.176471
9 0.131868 0.593426 0.048352 0.162630
10 0.184615 0.593426 0.052747 0.162630
11 0.235165 0.595156 0.048352 0.166090
12 0.287912 0.596886 0.052747 0.162630
13 0.341758 0.598616 0.050549 0.159170
14 0.394505 0.595156 0.046154 0.152249
15 0.446154 0.596886 0.052747 0.155709
16 0.501099 0.596886 0.048352 0.155709
17 0.553846 0.602076 0.048352 0.173010
18 0.605495 0.596886 0.054945 0.169550
19 0.657143 0.596886 0.043956 0.169550
20 0.708791 0.598616 0.050549 0.173010
21 0.760440 0.595156 0.043956 0.166090
22 0.815385 0.591696 0.057143 0.166090
23 0.869231 0.596886 0.046154 0.162630
24 0.920879 0.596886 0.048352 0.169550
25 0.974725 0.596886 0.050549 0.169550
26 0.262637 0.844291 0.046154 0.166090
27 0.313187 0.846021 0.046154 0.162630
28 0.365934 0.846021 0.050549 0.155709
29 0.418681 0.847751 0.046154 0.159170
30 0.473626 0.846021 0.046154 0.162630
31 0.521978 0.842561 0.050549 0.162630
32 0.574725 0.842561 0.050549 0.169550
33 0.628571 0.844291 0.048352 0.173010
34 0.681319 0.847751 0.048352 0.166090
35 0.734066 0.847751 0.052747 0.166090
