0 0.102198 0.095156 0.046154 0.162630
1 0.156044 0.098616 0.048352 0.162630
2 0.207692 0.098616 0.046154 0.155709
3 0.261538 0.100346 0.048352 0.159170
4 0.313187 0.098616 0.046154 0.155709
5 0.363736 0.100346 0.046154 0.159170
6 0.417582 0.102076 0.048352 0.162630
7 0.471429 0.100346 0.050549 0.166090
8 0.524176 0.100346 0.041758 0.166090
9 0.578022 0.102076 0.048352 0.169550
10 0.629670 0.102076 0.050549 0.169550
11 0.683516 0.102076 0.048352 0.169550
12 0.734066 0.102076 0.048352 0.169550
13 0.787912 0.103806 0.050549 0.173010
14 0.839560 0.103806 0.052747 0.166090
15 0.892308 0.103806 0.048352 0.166090
16 0.076923 0.344291 0.048352 0.162630
17 0.129670 0.351211 0.052747 0.162630
18 0.183516 0.349481 0.050549 0.173010
19 0.237363 0.349481 0.048352 0.173010
20 0.289011 0.347751 0.050549 0.162630
21 0.340659 0.347751 0.048352 0.162630
22 0.393407 0.351211 0.052747 0.169550
23 0.447253 0.354671 0.054945 0.169550
24 0.500000 0.354671 0.050549 0.176471
25 0.551648 0.352941 0.048352 0.173010
0 0.602198 0.354671 0.048352 0.169550
1 0.656044 0.351211 0.050549 0.162630
2 0.708791 0.349481 0.046154 0.166090
3 0.760440 0.351211 0.048352 0.162630
4 0.813187 0.349481 0.048352 0.152249
5 0.865934 0.351211 0.043956 0.162630
6 0.920879 0.346021 0.048352 0.159170
7 0.025275 0.598616 0.046154 0.159170
8 0.079121 0.595156 0.043956 0.159170
9 0.132967 0.595156 0.046154 0.159170
10 0.183516 0.596886 0.046154 0.162630
11 0.235165 0.593426 0.048352 0.162630
12 0.287912 0.593426 0.052747 0.162630
13 0.341758 0.596886 0.050549 0.162630
14 0.394505 0.598616 0.050549 0.166090
15 0.445055 0.600346 0.050549 0.162630
16 0.500000 0.596886 0.050549 0.162630
17 0.552747 0.596886 0.050549 0.162630
18 0.608791 0.596886 0.048352 0.162630
19 0.657143 0.595156 0.052747 0.166090
20 0.710989 0.593426 0.050549 0.162630
21 0.761538 0.593426 0.046154 0.162630
22 0.810989 0.595156 0.052747 0.173010
23 0.869231 0.591696 0.050549 0.166090
24 0.921978 0.595156 0.050549 0.159170
25 0.974725 0.595156 0.050549 0.159170
26 0.261538 0.844291 0.048352 0.159170
27 0.312088 0.847751 0.039560 0.166090
28 0.367033 0.844291 0.052747 0.166090
29 0.419780 0.842561 0.048352 0.169550
30 0.472527 0.846021 0.048352 0.162630
31 0.524176 0.846021 0.050549 0.169550
32 0.575824 0.846021 0.052747 0.169550
33 0.627473 0.844291 0.041758 0.166090
34 0.682418 0.844291 0.050549 0.166090
35 0.738462 0.847751 0.052747 0.173010
