0 0.145000 0.214167 0.026000 0.085000
1 0.173500 0.215833 0.029000 0.088333
2 0.202500 0.215833 0.027000 0.085000
3 0.232500 0.215833 0.029000 0.085000
4 0.261500 0.216667 0.025000 0.086667
5 0.289000 0.216667 0.026000 0.083333
6 0.317500 0.216667 0.027000 0.083333
7 0.348000 0.216667 0.032000 0.083333
8 0.382500 0.215000 0.025000 0.086667
9 0.143000 0.302500 0.030000 0.085000
10 0.173000 0.303333 0.028000 0.086667
11 0.201000 0.304167 0.028000 0.085000
12 0.229000 0.305000 0.028000 0.083333
13 0.257500 0.305833 0.029000 0.085000
14 0.285000 0.302500 0.026000 0.081667
16 0.314000 0.305000 0.028000 0.086667
15 0.339000 0.303333 0.028000 0.086667
17 0.371000 0.304167 0.036000 0.088333
18 0.143500 0.389167 0.029000 0.085000
19 0.171500 0.392500 0.027000 0.088333
20 0.199000 0.392500 0.030000 0.088333
21 0.226500 0.388333 0.029000 0.086667
22 0.253000 0.390833 0.026000 0.085000
23 0.281500 0.390833 0.027000 0.091667
24 0.308000 0.391667 0.026000 0.090000
25 0.338500 0.390833 0.031000 0.088333
27 0.134500 0.487500 0.017000 0.091667
28 0.156000 0.486667 0.028000 0.093333
29 0.183000 0.485833 0.028000 0.091667
30 0.210000 0.485000 0.028000 0.090000
31 0.237000 0.485833 0.028000 0.091667
32 0.266000 0.486667 0.028000 0.090000
33 0.293000 0.487500 0.026000 0.088333
34 0.321500 0.486667 0.029000 0.090000
35 0.347500 0.487500 0.027000 0.091667
26 0.377500 0.486667 0.031000 0.090000
