27 0.068750 0.149294 0.018750 0.072747
28 0.095000 0.150923 0.023750 0.073833
29 0.124063 0.152009 0.020625 0.078176
30 0.150625 0.149837 0.023750 0.076004
31 0.178437 0.150380 0.023125 0.077090
32 0.205313 0.149837 0.024375 0.073833
33 0.231875 0.149294 0.021250 0.077090
34 0.260313 0.150380 0.024375 0.079262
35 0.287500 0.150380 0.022500 0.074919
26 0.317812 0.152009 0.029375 0.073833
0 0.070938 0.233985 0.023125 0.077090
1 0.095312 0.233985 0.024375 0.077090
2 0.123750 0.234528 0.022500 0.073833
3 0.150938 0.234528 0.023125 0.078176
4 0.178125 0.234528 0.026250 0.076004
5 0.205000 0.233442 0.021250 0.076004
6 0.232500 0.232899 0.023750 0.077090
7 0.261250 0.233442 0.025000 0.076004
8 0.287500 0.233442 0.020000 0.078176
9 0.318437 0.235071 0.029375 0.074919
10 0.067812 0.315961 0.024375 0.076004
11 0.095000 0.316504 0.021250 0.074919
12 0.121250 0.314875 0.031250 0.071661
13 0.151562 0.317047 0.024375 0.073833
14 0.179375 0.315961 0.023750 0.071661
15 0.205000 0.315961 0.021250 0.073833
16 0.230625 0.315961 0.025000 0.078176
17 0.261562 0.317047 0.026875 0.078176
18 0.287500 0.317047 0.022500 0.078176
19 0.318125 0.317047 0.030000 0.073833
20 0.068750 0.401737 0.023750 0.078176
21 0.096250 0.399023 0.022500 0.072747
22 0.123125 0.400109 0.026250 0.074919
23 0.149688 0.401194 0.024375 0.077090
24 0.177813 0.399023 0.025625 0.074919
25 0.208750 0.400109 0.027500 0.079262
27 0.072188 0.598806 0.016875 0.074919
28 0.099375 0.598806 0.023750 0.072747
29 0.125938 0.598806 0.023125 0.074919
30 0.152812 0.595548 0.023125 0.077090
31 0.180625 0.598263 0.021250 0.076004
32 0.208437 0.597720 0.021875 0.070575
33 0.236250 0.599349 0.022500 0.073833
34 0.263437 0.600434 0.023125 0.076004
35 0.291250 0.598263 0.021250 0.076004
26 0.319375 0.599349 0.027500 0.078176
0 0.070625 0.686211 0.022500 0.082519
1 0.097812 0.684582 0.023125 0.074919
2 0.125625 0.680239 0.027500 0.074919
3 0.153750 0.682953 0.022500 0.071661
4 0.182188 0.682410 0.024375 0.079262
5 0.207500 0.681325 0.021250 0.074919
6 0.235625 0.681868 0.025000 0.073833
7 0.264375 0.682953 0.030000 0.073833
8 0.291250 0.681325 0.017500 0.077090
9 0.320000 0.682410 0.031250 0.072747
10 0.068750 0.766015 0.023750 0.074919
11 0.097500 0.764929 0.021250 0.081433
12 0.125312 0.762215 0.029375 0.076004
13 0.153750 0.763301 0.023750 0.078176
14 0.180938 0.765472 0.023125 0.073833
15 0.207187 0.764929 0.021875 0.074919
16 0.236250 0.764387 0.025000 0.078176
17 0.263125 0.764387 0.023750 0.073833
18 0.289062 0.765472 0.023125 0.073833
19 0.318750 0.768187 0.026250 0.079262
20 0.071250 0.846363 0.025000 0.077090
21 0.099375 0.847991 0.022500 0.078176
22 0.126562 0.847448 0.024375 0.079262
23 0.152812 0.849077 0.024375 0.080347
24 0.183750 0.850163 0.026250 0.082519
25 0.210000 0.850706 0.027500 0.083605
0 0.414062 0.371878 0.021875 0.074919
1 0.435625 0.373507 0.022500 0.073833
2 0.458437 0.374050 0.021875 0.070575
3 0.480625 0.374593 0.022500 0.069490
4 0.502812 0.375136 0.021875 0.070575
5 0.524062 0.375136 0.021875 0.070575
6 0.545625 0.375136 0.023750 0.068404
7 0.567500 0.375136 0.025000 0.068404
8 0.591875 0.371878 0.013750 0.074919
9 0.413125 0.445168 0.021250 0.069490
10 0.434375 0.444083 0.021250 0.069490
11 0.456562 0.444625 0.020625 0.068404
12 0.477500 0.444625 0.021250 0.066232
13 0.499375 0.444083 0.020000 0.069490
14 0.520625 0.444625 0.022500 0.066232
16 0.541562 0.444083 0.023125 0.071661
15 0.561875 0.444625 0.021250 0.070575
17 0.587187 0.444625 0.029375 0.070575
18 0.413125 0.514115 0.023750 0.066232
19 0.433437 0.513029 0.021875 0.070575
20 0.455000 0.513572 0.021250 0.069490
21 0.475313 0.512486 0.020625 0.069490
22 0.495937 0.511944 0.019375 0.070575
23 0.518125 0.512486 0.022500 0.073833
24 0.538125 0.512486 0.021250 0.071661
25 0.561250 0.514115 0.026250 0.072747
27 0.405313 0.589034 0.014375 0.077090
28 0.421875 0.592291 0.020000 0.081433
29 0.442812 0.591748 0.020625 0.076004
30 0.464062 0.591205 0.020625 0.074919
31 0.483750 0.591205 0.022500 0.079262
32 0.506875 0.591748 0.020000 0.080347
33 0.525937 0.592291 0.020625 0.074919
34 0.548125 0.592834 0.021250 0.073833
35 0.568125 0.590119 0.021250 0.077090
26 0.590625 0.590119 0.023750 0.077090
27 0.683125 0.598806 0.018750 0.074919
28 0.710000 0.599349 0.026250 0.076004
29 0.737500 0.596634 0.023750 0.072747
30 0.764687 0.598263 0.025625 0.078176
31 0.790937 0.598806 0.024375 0.074919
32 0.819375 0.597177 0.025000 0.078176
33 0.846562 0.596091 0.023125 0.082519
34 0.874375 0.598806 0.023750 0.079262
35 0.899687 0.597177 0.026875 0.080347
26 0.929063 0.597720 0.026875 0.079262
0 0.680937 0.679696 0.026875 0.082519
1 0.708125 0.679696 0.026250 0.078176
2 0.737500 0.680239 0.026250 0.077090
3 0.764375 0.681868 0.022500 0.076004
4 0.790937 0.682953 0.025625 0.078176
5 0.818438 0.681325 0.026875 0.077090
6 0.846875 0.685125 0.023750 0.073833
7 0.873750 0.682410 0.027500 0.077090
8 0.901563 0.681325 0.018125 0.081433
9 0.928438 0.681868 0.028125 0.076004
10 0.680312 0.763844 0.024375 0.077090
11 0.708750 0.762758 0.026250 0.079262
12 0.736563 0.765472 0.029375 0.082519
13 0.764687 0.766015 0.024375 0.081433
14 0.790937 0.764929 0.024375 0.079262
15 0.818750 0.764387 0.022500 0.078176
16 0.845938 0.766558 0.024375 0.076004
17 0.873750 0.765472 0.022500 0.080347
18 0.900937 0.765472 0.025625 0.073833
19 0.928438 0.765472 0.023125 0.082519
20 0.681562 0.847991 0.028125 0.080347
21 0.708750 0.846906 0.023750 0.082519
22 0.737187 0.848534 0.030625 0.081433
23 0.765000 0.849620 0.026250 0.083605
24 0.791250 0.847991 0.025000 0.084691
25 0.821875 0.849077 0.033750 0.080347
0 0.678125 0.234528 0.023750 0.080347
1 0.704688 0.231813 0.025625 0.081433
2 0.733437 0.231270 0.024375 0.082519
3 0.760000 0.233985 0.025000 0.085776
4 0.789062 0.232899 0.023125 0.079262
5 0.816250 0.232899 0.025000 0.081433
6 0.843125 0.232356 0.027500 0.078176
7 0.871563 0.233985 0.028125 0.081433
8 0.899062 0.233442 0.015625 0.080347
9 0.930312 0.232899 0.033125 0.081433
10 0.679063 0.318132 0.025625 0.082519
11 0.705625 0.315961 0.022500 0.080347
12 0.733437 0.317590 0.031875 0.077090
13 0.762813 0.316504 0.023125 0.074919
14 0.789687 0.318132 0.029375 0.080347
15 0.814375 0.315961 0.023750 0.078176
16 0.843437 0.316504 0.028125 0.077090
17 0.870313 0.314875 0.024375 0.080347
18 0.898750 0.316504 0.025000 0.079262
19 0.926250 0.318675 0.025000 0.085776
20 0.679063 0.401737 0.024375 0.080347
21 0.705000 0.399566 0.026250 0.080347
22 0.733750 0.399566 0.028750 0.080347
23 0.762813 0.401737 0.025625 0.082519
24 0.788750 0.398480 0.028750 0.080347
25 0.819063 0.403366 0.031875 0.085776
27 0.675937 0.149837 0.025625 0.078176
28 0.707187 0.152552 0.028125 0.077090
29 0.735000 0.151466 0.023750 0.079262
30 0.763750 0.152009 0.025000 0.080347
31 0.788750 0.152009 0.025000 0.082519
32 0.815000 0.150380 0.025000 0.077090
33 0.843437 0.152552 0.028125 0.081433
34 0.872812 0.153094 0.024375 0.080347
35 0.899375 0.151466 0.026250 0.079262
26 0.925937 0.149837 0.025625 0.080347
