0 0.204839 0.075967 0.045161 0.146409
1 0.254032 0.077348 0.046774 0.149171
2 0.303226 0.077348 0.045161 0.149171
3 0.354032 0.077348 0.050000 0.149171
4 0.403226 0.080110 0.048387 0.154696
5 0.450806 0.078729 0.043548 0.151934
6 0.502419 0.078729 0.046774 0.151934
7 0.550806 0.078729 0.050000 0.151934
8 0.585484 0.078729 0.019355 0.151934
9 0.616129 0.077348 0.045161 0.149171
10 0.663710 0.078729 0.050000 0.151934
11 0.714516 0.080110 0.048387 0.154696
12 0.765323 0.081492 0.059677 0.157459
13 0.200806 0.288674 0.050000 0.162983
14 0.248387 0.287293 0.045161 0.154696
15 0.292742 0.288674 0.046774 0.157459
16 0.341129 0.290055 0.050000 0.160221
17 0.388710 0.294199 0.048387 0.168508
18 0.437903 0.290055 0.050000 0.160221
19 0.484677 0.292818 0.046774 0.165746
20 0.533871 0.290055 0.048387 0.165746
21 0.579839 0.291436 0.046774 0.168508
22 0.626613 0.291436 0.046774 0.162983
23 0.673387 0.292818 0.046774 0.171271
24 0.720968 0.294199 0.045161 0.174033
25 0.770968 0.296961 0.054839 0.179558
0 0.202419 0.494475 0.050000 0.165746
1 0.253226 0.498619 0.051613 0.157459
2 0.304032 0.500000 0.046774 0.160221
3 0.354032 0.502762 0.053226 0.165746
4 0.404839 0.506906 0.048387 0.174033
5 0.451613 0.505525 0.045161 0.165746
6 0.500000 0.506906 0.051613 0.168508
7 0.550806 0.501381 0.050000 0.157459
8 0.584677 0.505525 0.020968 0.160221
9 0.616129 0.500000 0.045161 0.154696
10 0.663710 0.498619 0.046774 0.157459
11 0.714516 0.502762 0.048387 0.160221
12 0.767742 0.502762 0.064516 0.160221
13 0.200000 0.712707 0.048387 0.154696
14 0.247581 0.714088 0.046774 0.151934
15 0.293548 0.712707 0.048387 0.160221
16 0.341935 0.714088 0.048387 0.162983
17 0.389516 0.711326 0.046774 0.162983
18 0.437903 0.712707 0.050000 0.160221
19 0.485484 0.712707 0.045161 0.160221
20 0.533065 0.715470 0.046774 0.160221
21 0.579032 0.715470 0.048387 0.165746
22 0.626613 0.715470 0.046774 0.165746
23 0.672581 0.715470 0.048387 0.165746
24 0.720968 0.716851 0.045161 0.174033
25 0.773387 0.716851 0.056452 0.179558
26 0.249194 0.924033 0.050000 0.151934
27 0.287097 0.922652 0.029032 0.154696
28 0.325000 0.924033 0.046774 0.151934
29 0.371774 0.922652 0.046774 0.154696
30 0.418548 0.922652 0.046774 0.154696
31 0.465323 0.922652 0.050000 0.154696
32 0.515323 0.924033 0.046774 0.151934
33 0.559677 0.919890 0.045161 0.160221
35 0.656452 0.921271 0.048387 0.157459
34 0.607258 0.919890 0.050000 0.160221
