27 0.111460 0.070876 0.062794 0.123711
28 0.197802 0.072809 0.078493 0.114691
29 0.302983 0.070232 0.081633 0.119845
30 0.411303 0.069588 0.081633 0.126289
31 0.519623 0.071521 0.087912 0.119845
32 0.626374 0.074742 0.081633 0.128866
33 0.723705 0.070876 0.072214 0.121134
34 0.841444 0.072165 0.091052 0.121134
35 0.123234 0.234536 0.089482 0.126289
26 0.229199 0.237758 0.091052 0.127577
0 0.127943 0.416881 0.086342 0.119845
1 0.235479 0.416237 0.087912 0.126289
2 0.347724 0.412371 0.080063 0.128866
3 0.456044 0.414948 0.086342 0.121134
4 0.568289 0.414304 0.091052 0.127577
5 0.675824 0.413660 0.080063 0.118557
6 0.787284 0.416881 0.089482 0.119845
7 0.128728 0.581186 0.097331 0.131443
8 0.211146 0.583763 0.051805 0.123711
9 0.292779 0.582474 0.076923 0.118557
10 0.397959 0.582474 0.095761 0.131443
11 0.508634 0.577320 0.094192 0.123711
12 0.620879 0.581186 0.098901 0.128866
13 0.726845 0.581186 0.084772 0.123711
14 0.835165 0.583763 0.094192 0.121134
15 0.118524 0.745490 0.095761 0.127577
16 0.232339 0.750644 0.081633 0.132732
17 0.337520 0.750000 0.091052 0.128866
18 0.445055 0.745490 0.083203 0.119845
19 0.549451 0.746134 0.087912 0.123711
20 0.660126 0.748067 0.102041 0.135309
21 0.766091 0.744845 0.078493 0.123711
22 0.867347 0.744201 0.098901 0.127577
23 0.122449 0.908505 0.097331 0.128866
24 0.226845 0.911082 0.089482 0.126289
25 0.338305 0.913015 0.092622 0.127577
