0 0.033857 0.054753 0.041112 0.034898
1 0.090689 0.053550 0.048368 0.034898
2 0.155381 0.052948 0.042322 0.033694
3 0.220677 0.053550 0.047158 0.032491
4 0.280532 0.053851 0.045949 0.035499
5 0.343410 0.054452 0.053204 0.033093
6 0.408102 0.054452 0.039903 0.034296
7 0.469770 0.053851 0.054414 0.035499
8 0.522975 0.055656 0.022975 0.036703
9 0.573156 0.054452 0.045949 0.033093
10 0.639057 0.053550 0.044740 0.032491
11 0.697098 0.055054 0.044740 0.034296
12 0.762999 0.054753 0.053204 0.038508
13 0.825272 0.054152 0.037485 0.036101
14 0.885127 0.053550 0.041112 0.034898
15 0.944982 0.052347 0.037485 0.030084
16 0.029021 0.129964 0.043531 0.038508
17 0.093108 0.131468 0.043531 0.033093
18 0.157195 0.128761 0.045949 0.033694
19 0.221282 0.129061 0.043531 0.034296
20 0.277509 0.130265 0.047158 0.036703
21 0.342201 0.128761 0.043531 0.036101
22 0.403265 0.129362 0.047158 0.037304
23 0.463120 0.130866 0.038694 0.036703
24 0.527811 0.129964 0.035067 0.033694
25 0.587062 0.129964 0.049577 0.038508
26 0.030834 0.393803 0.037485 0.034296
27 0.087062 0.392298 0.033857 0.033694
28 0.142080 0.393502 0.039903 0.033694
29 0.202539 0.392900 0.044740 0.037304
30 0.267836 0.391396 0.047158 0.033093
31 0.328900 0.391697 0.043531 0.037304
32 0.389359 0.391697 0.038694 0.033694
33 0.454051 0.392298 0.044740 0.033694
34 0.510278 0.394103 0.050786 0.037304
35 0.573761 0.392599 0.047158 0.036703
0 0.032648 0.221721 0.033857 0.031889
1 0.093108 0.222924 0.043531 0.037906
2 0.154776 0.221420 0.041112 0.033694
3 0.222491 0.223225 0.043531 0.034898
4 0.281741 0.223827 0.038694 0.038508
5 0.344015 0.222323 0.042322 0.036703
6 0.405683 0.222623 0.042322 0.033694
7 0.466747 0.222924 0.045949 0.033093
8 0.524788 0.222623 0.026602 0.033694
9 0.576784 0.222623 0.048368 0.033694
10 0.638452 0.222022 0.041112 0.032491
11 0.699516 0.222022 0.039903 0.032491
12 0.764208 0.223225 0.043531 0.034898
13 0.825272 0.222022 0.039903 0.032491
14 0.885127 0.222924 0.050786 0.034296
15 0.942563 0.222323 0.044740 0.031889
16 0.029021 0.299338 0.043531 0.035499
17 0.092503 0.299338 0.044740 0.030686
18 0.159008 0.299639 0.042322 0.033694
19 0.221886 0.300241 0.042322 0.032491
20 0.279323 0.298736 0.043531 0.035499
21 0.344619 0.297834 0.043531 0.034898
22 0.403869 0.299338 0.048368 0.035499
23 0.467352 0.299940 0.047158 0.037906
24 0.525393 0.298736 0.049577 0.036703
25 0.588875 0.299940 0.043531 0.037906
26 0.630593 0.484356 0.039903 0.032491
