0 0.035671 0.054753 0.039903 0.043321
1 0.094317 0.053851 0.045949 0.037906
2 0.155985 0.053550 0.050786 0.034898
3 0.218259 0.053851 0.051995 0.034296
4 0.280532 0.053550 0.055623 0.034898
5 0.344015 0.053851 0.047158 0.034296
6 0.405079 0.054452 0.053204 0.035499
7 0.471584 0.055054 0.043531 0.033093
8 0.521765 0.053851 0.035067 0.035499
9 0.576179 0.053249 0.044740 0.034296
10 0.637848 0.053550 0.044740 0.036101
11 0.701330 0.054452 0.045949 0.036703
12 0.762394 0.054152 0.044740 0.037304
13 0.822249 0.054452 0.050786 0.036703
14 0.883313 0.052948 0.054414 0.032491
15 0.944982 0.054152 0.042322 0.037304
16 0.031439 0.131167 0.048368 0.039711
17 0.093108 0.129964 0.050786 0.037304
18 0.157195 0.130265 0.043531 0.040313
19 0.215840 0.131769 0.061669 0.033694
20 0.281741 0.132070 0.053204 0.039110
21 0.344015 0.131167 0.049577 0.040915
22 0.406288 0.129964 0.050786 0.037304
23 0.466143 0.130265 0.049577 0.036703
24 0.525998 0.129964 0.048368 0.034898
25 0.590689 0.130265 0.059250 0.035499
0 0.032044 0.222323 0.042322 0.037906
1 0.093108 0.223827 0.048368 0.034898
2 0.156590 0.222924 0.039903 0.035499
3 0.218863 0.223225 0.053204 0.038508
4 0.285369 0.222323 0.050786 0.041516
5 0.345828 0.223526 0.048368 0.039110
6 0.406892 0.223827 0.047158 0.038508
7 0.466747 0.222623 0.058041 0.037304
8 0.524184 0.223526 0.035067 0.034296
9 0.574970 0.222323 0.049577 0.036703
10 0.639661 0.222323 0.050786 0.035499
11 0.696493 0.221721 0.050786 0.034296
12 0.760580 0.223225 0.050786 0.033694
13 0.822249 0.223225 0.041112 0.032491
14 0.884522 0.222623 0.044740 0.039711
15 0.940750 0.222323 0.050786 0.037906
16 0.031439 0.298736 0.041112 0.037906
17 0.091294 0.297834 0.047158 0.036101
18 0.154172 0.298436 0.051995 0.036101
19 0.217654 0.298436 0.045949 0.034898
20 0.281741 0.298736 0.053204 0.035499
21 0.338573 0.298135 0.045949 0.034296
22 0.406288 0.298135 0.055623 0.035499
23 0.463724 0.298736 0.051995 0.034296
24 0.525393 0.299639 0.044740 0.036101
25 0.590085 0.299639 0.053204 0.036101
26 0.029625 0.391396 0.035067 0.040313
27 0.088875 0.392298 0.037485 0.037304
28 0.143289 0.392298 0.039903 0.033694
29 0.200726 0.392900 0.053204 0.036101
30 0.267231 0.388989 0.048368 0.039110
31 0.325877 0.390794 0.049577 0.034296
32 0.388150 0.391697 0.043531 0.033694
33 0.451028 0.392900 0.048368 0.036101
34 0.512092 0.392298 0.047158 0.032491
35 0.574970 0.392298 0.047158 0.033694
26 0.631197 0.484356 0.055623 0.038508
