0 0.180625 0.186164 0.078750 0.145912
1 0.261875 0.186792 0.083750 0.147170
2 0.346250 0.186164 0.080000 0.145912
3 0.433125 0.184906 0.076250 0.145912
4 0.514375 0.187421 0.078750 0.150943
5 0.593125 0.184906 0.078750 0.150943
6 0.678125 0.184906 0.081250 0.150943
7 0.763750 0.183648 0.087500 0.150943
8 0.853125 0.184906 0.051250 0.150943
9 0.177500 0.338365 0.075000 0.145912
10 0.261875 0.335849 0.073750 0.145912
11 0.343750 0.335849 0.082500 0.150943
12 0.421250 0.338365 0.082500 0.145912
13 0.501875 0.340252 0.078750 0.147170
14 0.582500 0.337736 0.077500 0.142138
16 0.660625 0.341509 0.083750 0.152201
15 0.740000 0.340252 0.080000 0.154717
17 0.823125 0.338994 0.086250 0.157233
18 0.178125 0.488679 0.081250 0.142138
19 0.257500 0.488679 0.075000 0.147170
20 0.336875 0.490566 0.076250 0.148428
21 0.413750 0.490566 0.075000 0.153459
22 0.492500 0.491824 0.075000 0.153459
23 0.571875 0.490566 0.078750 0.163522
24 0.649375 0.491824 0.073750 0.153459
25 0.735000 0.491195 0.090000 0.152201
27 0.151875 0.657862 0.046250 0.153459
28 0.211875 0.655975 0.081250 0.154717
29 0.291250 0.654717 0.077500 0.152201
30 0.368750 0.655346 0.080000 0.148428
31 0.447500 0.655346 0.080000 0.155975
32 0.528750 0.657233 0.080000 0.154717
33 0.605625 0.659119 0.076250 0.158491
34 0.685625 0.657233 0.081250 0.152201
35 0.763125 0.655346 0.076250 0.153459
26 0.842500 0.657233 0.080000 0.157233
