27 0.069062 0.150923 0.021875 0.080347
28 0.097812 0.152552 0.023125 0.077090
29 0.123750 0.150380 0.025000 0.081433
30 0.150000 0.152552 0.023750 0.077090
31 0.178437 0.149294 0.023125 0.077090
32 0.205937 0.150923 0.023125 0.080347
33 0.231563 0.152009 0.024375 0.082519
34 0.260937 0.152009 0.026875 0.082519
35 0.288438 0.152009 0.024375 0.078176
26 0.316563 0.153094 0.023125 0.080347
0 0.069687 0.234528 0.023125 0.076004
1 0.097187 0.232356 0.024375 0.078176
2 0.123438 0.233442 0.023125 0.078176
3 0.150000 0.231813 0.026250 0.081433
4 0.180312 0.234528 0.026875 0.080347
5 0.204687 0.232899 0.024375 0.079262
6 0.234063 0.232356 0.026875 0.078176
7 0.261250 0.235613 0.028750 0.078176
8 0.287187 0.231813 0.019375 0.074919
9 0.318125 0.231270 0.026250 0.080347
10 0.069062 0.314332 0.021875 0.083605
11 0.095625 0.315961 0.025000 0.080347
12 0.124375 0.315418 0.028750 0.081433
13 0.151250 0.313789 0.025000 0.082519
14 0.178750 0.315961 0.026250 0.080347
15 0.204687 0.316504 0.021875 0.083605
16 0.230625 0.313246 0.023750 0.083605
17 0.261562 0.316504 0.024375 0.077090
18 0.288438 0.317047 0.024375 0.084691
19 0.319063 0.317047 0.028125 0.084691
20 0.069062 0.400651 0.024375 0.089034
21 0.097812 0.398480 0.026875 0.086862
23 0.123125 0.397394 0.026250 0.078176
23 0.149062 0.394680 0.024375 0.083605
24 0.176250 0.399023 0.028750 0.085776
25 0.208750 0.402280 0.033750 0.085776
0 0.068437 0.683496 0.023125 0.077090
1 0.099687 0.681325 0.023125 0.079262
2 0.126875 0.682410 0.027500 0.077090
3 0.153438 0.682410 0.026875 0.077090
4 0.180312 0.682410 0.023125 0.077090
5 0.206563 0.682953 0.028125 0.082519
6 0.233125 0.680782 0.025000 0.080347
7 0.264062 0.680239 0.026875 0.083605
8 0.288125 0.679696 0.021250 0.076004
9 0.321562 0.680239 0.030625 0.077090
10 0.070625 0.766015 0.027500 0.077090
11 0.096562 0.764929 0.026875 0.074919
12 0.125000 0.764929 0.031250 0.079262
13 0.153750 0.764929 0.027500 0.079262
14 0.181562 0.766015 0.024375 0.077090
15 0.209063 0.767101 0.023125 0.077090
16 0.235625 0.766015 0.022500 0.077090
17 0.264375 0.767101 0.023750 0.083605
18 0.289375 0.764929 0.026250 0.085776
19 0.319688 0.768187 0.029375 0.081433
20 0.071250 0.845277 0.030000 0.085776
21 0.099062 0.844734 0.025625 0.086862
22 0.127812 0.848534 0.025625 0.081433
23 0.152812 0.849077 0.025625 0.093377
24 0.183438 0.845277 0.028125 0.081433
25 0.210938 0.848534 0.026875 0.085776
0 0.371563 0.234528 0.026875 0.086862
1 0.399687 0.232899 0.026875 0.079262
2 0.427812 0.235071 0.025625 0.081433
3 0.454375 0.233985 0.028750 0.081433
4 0.482187 0.232899 0.026875 0.079262
5 0.508750 0.232356 0.026250 0.078176
6 0.535312 0.232899 0.023125 0.079262
7 0.564688 0.236156 0.030625 0.083605
8 0.591875 0.233442 0.021250 0.071661
9 0.620938 0.233442 0.031875 0.078176
10 0.370000 0.318675 0.026250 0.081433
11 0.398438 0.320304 0.026875 0.084691
12 0.426875 0.319761 0.033750 0.083605
13 0.454688 0.319761 0.029375 0.083605
14 0.483125 0.319218 0.028750 0.086862
15 0.507812 0.319218 0.021875 0.086862
16 0.535625 0.317047 0.030000 0.078176
17 0.562500 0.317047 0.027500 0.084691
18 0.590938 0.316504 0.026875 0.077090
19 0.618750 0.318675 0.028750 0.085776
20 0.372812 0.399566 0.026875 0.073833
21 0.399062 0.398480 0.024375 0.080347
22 0.428125 0.399566 0.028750 0.086862
23 0.454375 0.401194 0.028750 0.090119
24 0.481250 0.400651 0.025000 0.089034
25 0.509687 0.402280 0.028125 0.085776
0 0.679688 0.234528 0.025625 0.076004
1 0.705313 0.235071 0.026875 0.081433
2 0.733125 0.232899 0.028750 0.083605
3 0.760625 0.233985 0.026250 0.081433
4 0.789062 0.233442 0.026875 0.084691
5 0.816875 0.233442 0.025000 0.078176
6 0.842500 0.231270 0.021250 0.080347
7 0.872188 0.232899 0.028125 0.083605
8 0.898438 0.231270 0.019375 0.086862
9 0.927813 0.233985 0.028125 0.074919
10 0.679063 0.315418 0.026875 0.081433
11 0.704688 0.314875 0.025625 0.080347
12 0.734062 0.314332 0.033125 0.083605
13 0.763437 0.317590 0.025625 0.083605
14 0.788750 0.315418 0.025000 0.079262
15 0.814688 0.317047 0.026875 0.082519
16 0.843750 0.319761 0.028750 0.083605
17 0.871563 0.317047 0.026875 0.082519
18 0.899375 0.321390 0.028750 0.082519
19 0.925625 0.317590 0.028750 0.090119
20 0.677813 0.399566 0.029375 0.080347
21 0.707500 0.400651 0.030000 0.089034
22 0.734062 0.401737 0.029375 0.093377
23 0.763125 0.400651 0.025000 0.095548
24 0.789375 0.404995 0.026250 0.086862
25 0.816875 0.404995 0.025000 0.086862
0 0.374688 0.681325 0.026875 0.074919
1 0.399687 0.681325 0.026875 0.085776
2 0.426875 0.681325 0.027500 0.079262
3 0.454688 0.681325 0.025625 0.079262
4 0.481250 0.681325 0.028750 0.085776
5 0.509062 0.682953 0.026875 0.078176
6 0.536250 0.681325 0.025000 0.074919
7 0.564375 0.682410 0.030000 0.077090
8 0.590625 0.682953 0.021250 0.082519
9 0.621875 0.679696 0.030000 0.076004
10 0.374063 0.766015 0.025625 0.077090
11 0.399062 0.766015 0.024375 0.077090
12 0.427812 0.763301 0.031875 0.076004
13 0.457188 0.764387 0.026875 0.080347
14 0.482500 0.766558 0.026250 0.078176
15 0.505625 0.766015 0.023750 0.083605
16 0.536250 0.765472 0.033750 0.080347
17 0.566250 0.764387 0.026250 0.080347
18 0.592187 0.764929 0.025625 0.079262
19 0.618125 0.764929 0.027500 0.081433
20 0.372500 0.847448 0.025000 0.083605
21 0.398750 0.849077 0.028750 0.086862
22 0.426875 0.849077 0.027500 0.080347
23 0.452813 0.850706 0.031875 0.090119
24 0.479063 0.849077 0.026875 0.086862
25 0.509062 0.850163 0.030625 0.091205
0 0.680312 0.679696 0.026875 0.078176
1 0.709375 0.681868 0.025000 0.080347
2 0.737812 0.682953 0.026875 0.078176
3 0.764375 0.681325 0.030000 0.085776
4 0.791250 0.681325 0.027500 0.081433
5 0.818125 0.682953 0.026250 0.076004
6 0.845000 0.684582 0.026250 0.085776
7 0.875000 0.684582 0.031250 0.085776
8 0.901875 0.684582 0.022500 0.085776
9 0.931250 0.684039 0.031250 0.080347
10 0.680000 0.761672 0.025000 0.087948
11 0.708438 0.763844 0.028125 0.083605
12 0.736250 0.764929 0.033750 0.079262
13 0.766250 0.767644 0.030000 0.080347
14 0.791562 0.767644 0.026875 0.080347
15 0.818438 0.765472 0.026875 0.080347
16 0.846875 0.768187 0.030000 0.081433
17 0.874062 0.769273 0.029375 0.083605
18 0.902188 0.769273 0.030625 0.083605
19 0.930312 0.766558 0.033125 0.084691
20 0.682187 0.846906 0.029375 0.078176
21 0.708438 0.848534 0.028125 0.085776
22 0.737500 0.850163 0.030000 0.084691
23 0.765312 0.848534 0.028125 0.087948
24 0.792188 0.849620 0.029375 0.090119
25 0.820000 0.849077 0.030000 0.086862
27 0.372188 0.152009 0.028125 0.082519
28 0.401875 0.152009 0.031250 0.082519
29 0.428750 0.152009 0.031250 0.084691
30 0.454688 0.151466 0.028125 0.083605
31 0.482500 0.151466 0.030000 0.083605
32 0.509687 0.149294 0.028125 0.083605
33 0.536563 0.149294 0.029375 0.090119
34 0.564688 0.150923 0.026875 0.086862
35 0.592187 0.151466 0.028125 0.083605
26 0.620625 0.150380 0.028750 0.081433
27 0.680000 0.152552 0.025000 0.083605
28 0.706875 0.152552 0.025000 0.083605
29 0.734062 0.150923 0.026875 0.080347
30 0.761250 0.153637 0.028750 0.081433
31 0.788750 0.150380 0.028750 0.074919
32 0.817187 0.152009 0.025625 0.078176
33 0.843125 0.150923 0.026250 0.080347
34 0.870938 0.150923 0.028125 0.080347
35 0.899062 0.150923 0.028125 0.076004
26 0.927813 0.151466 0.029375 0.083605
26 0.320625 0.599349 0.027500 0.078176
26 0.621250 0.592834 0.030000 0.084691
26 0.931250 0.598806 0.031250 0.083605
27 0.070625 0.597720 0.025000 0.085776
27 0.374063 0.597720 0.021875 0.081433
27 0.681562 0.596091 0.024375 0.084691
28 0.099062 0.596091 0.024375 0.084691
28 0.400938 0.599349 0.029375 0.078176
28 0.708438 0.594463 0.028125 0.087948
29 0.127812 0.597720 0.024375 0.087948
29 0.427812 0.598263 0.028125 0.080347
29 0.737500 0.599349 0.026250 0.084691
30 0.152188 0.596634 0.023125 0.090119
30 0.454688 0.598263 0.025625 0.080347
30 0.765312 0.596634 0.024375 0.083605
31 0.181250 0.596091 0.025000 0.082519
31 0.480625 0.596091 0.026250 0.076004
31 0.790625 0.597720 0.025000 0.085776
32 0.207500 0.598806 0.026250 0.083605
32 0.509375 0.597720 0.025000 0.079262
32 0.820000 0.599349 0.030000 0.084691
33 0.234375 0.597720 0.025000 0.079262
33 0.535625 0.597720 0.027500 0.081433
33 0.848750 0.601520 0.028750 0.086862
34 0.262500 0.597720 0.030000 0.079262
34 0.564375 0.597720 0.027500 0.079262
34 0.874375 0.598806 0.028750 0.083605
35 0.291250 0.599891 0.027500 0.074919
35 0.593125 0.597720 0.030000 0.074919
35 0.900937 0.597720 0.025625 0.081433
