26 0.108571 0.275714 0.065714 0.125714
27 0.196429 0.275714 0.050000 0.122857
28 0.279286 0.276429 0.072857 0.121429
29 0.366429 0.275714 0.075714 0.125714
30 0.455714 0.273571 0.065714 0.127143
31 0.537857 0.275000 0.075714 0.127143
32 0.625000 0.275000 0.067143 0.121429
33 0.709286 0.272857 0.070000 0.128571
34 0.799286 0.276429 0.067143 0.124286
35 0.882143 0.274286 0.064286 0.131429
0 0.104286 0.423571 0.060000 0.135714
1 0.186429 0.421429 0.067143 0.134286
2 0.275000 0.423571 0.064286 0.130000
3 0.361429 0.422857 0.071429 0.131429
4 0.450000 0.424286 0.068571 0.128571
5 0.535714 0.423571 0.062857 0.130000
6 0.620714 0.424286 0.070000 0.131429
7 0.705000 0.423571 0.067143 0.130000
8 0.805714 0.422143 0.054286 0.135714
9 0.885714 0.427857 0.071429 0.130000
10 0.105000 0.572857 0.061429 0.134286
11 0.216429 0.573571 0.075714 0.132857
12 0.327857 0.572143 0.084286 0.132857
13 0.432857 0.572143 0.077143 0.130000
14 0.546429 0.574286 0.070000 0.128571
15 0.657857 0.568571 0.078571 0.125714
16 0.770714 0.576429 0.090000 0.141429
17 0.880714 0.574286 0.078571 0.134286
18 0.098571 0.725714 0.071429 0.122857
19 0.211429 0.724286 0.068571 0.125714
20 0.319286 0.721429 0.075714 0.131429
21 0.433571 0.723571 0.067143 0.127143
22 0.542857 0.725000 0.080000 0.132857
23 0.658571 0.725000 0.077143 0.132857
24 0.770000 0.724286 0.077143 0.131429
25 0.883571 0.725000 0.070000 0.132857
