0 0.180000 0.186164 0.082500 0.155975
1 0.263750 0.184906 0.087500 0.155975
2 0.348750 0.183019 0.077500 0.152201
3 0.431250 0.184277 0.080000 0.152201
4 0.513750 0.185535 0.077500 0.154717
5 0.593750 0.186792 0.077500 0.157233
6 0.676250 0.184277 0.080000 0.152201
7 0.761250 0.184277 0.082500 0.152201
8 0.853125 0.183019 0.053750 0.159748
9 0.176250 0.336478 0.075000 0.147170
10 0.255625 0.338994 0.078750 0.149686
11 0.341875 0.335220 0.081250 0.149686
12 0.421875 0.337107 0.088750 0.148428
13 0.501250 0.337736 0.077500 0.147170
14 0.582500 0.336478 0.075000 0.144654
16 0.660625 0.340881 0.081250 0.150943
15 0.737500 0.336478 0.072500 0.147170
17 0.823125 0.337107 0.088750 0.153459
18 0.180000 0.489937 0.080000 0.149686
19 0.257500 0.491195 0.075000 0.152201
20 0.334375 0.488050 0.081250 0.148428
21 0.412500 0.487421 0.077500 0.147170
22 0.491250 0.489937 0.072500 0.149686
23 0.571250 0.489308 0.080000 0.155975
24 0.651250 0.489937 0.080000 0.152201
25 0.733750 0.491824 0.087500 0.153459
27 0.148750 0.655346 0.045000 0.148428
28 0.211875 0.654088 0.076250 0.148428
29 0.291250 0.655346 0.075000 0.153459
30 0.368750 0.656604 0.075000 0.153459
31 0.446875 0.656604 0.076250 0.155975
32 0.528750 0.657862 0.075000 0.153459
33 0.604375 0.656604 0.073750 0.153459
34 0.686875 0.655346 0.076250 0.150943
35 0.765000 0.654717 0.075000 0.152201
26 0.844375 0.654088 0.081250 0.155975
