0 0.043077 0.036316 0.018462 0.051579
0 0.027692 0.330000 0.020000 0.057895
0 0.333462 0.443684 0.026923 0.070526
0 0.682692 0.440000 0.026923 0.063158
0 0.383077 0.111579 0.023077 0.054737
0 0.668077 0.110526 0.026923 0.065263
0 0.041538 0.734737 0.024615 0.065263
0 0.301538 0.774737 0.032308 0.075789
0 0.679231 0.774737 0.032308 0.075789
1 0.061538 0.036842 0.018462 0.052632
1 0.407692 0.111579 0.026154 0.056842
1 0.699615 0.108421 0.028462 0.069474
1 0.050385 0.330000 0.025385 0.060000
1 0.365000 0.441053 0.025385 0.069474
1 0.711538 0.441053 0.026154 0.069474
1 0.066538 0.736316 0.028462 0.068421
1 0.334615 0.774211 0.032308 0.076842
1 0.713077 0.774737 0.032308 0.075789
2 0.080769 0.036842 0.016923 0.052632
2 0.435000 0.110000 0.022308 0.060000
2 0.730385 0.108421 0.025385 0.067368
2 0.073462 0.329474 0.023846 0.061053
2 0.397692 0.440526 0.026154 0.068421
2 0.744615 0.439474 0.029231 0.070526
2 0.094615 0.735263 0.026154 0.068421
2 0.368462 0.773684 0.027692 0.075789
2 0.747308 0.773684 0.026923 0.075789
3 0.098077 0.037895 0.019231 0.054737
3 0.461923 0.111053 0.023846 0.057895
3 0.761154 0.106316 0.025385 0.067368
3 0.097692 0.328947 0.024615 0.062105
3 0.429231 0.442105 0.029231 0.067368
3 0.775769 0.439474 0.028462 0.072632
3 0.121154 0.735789 0.028462 0.067368
3 0.402692 0.772632 0.030000 0.077895
3 0.779615 0.773158 0.030000 0.078947
4 0.117692 0.035789 0.020000 0.052632
4 0.486923 0.112632 0.023077 0.058947
4 0.791923 0.106842 0.028462 0.066316
4 0.120385 0.331053 0.022308 0.060000
4 0.461154 0.441053 0.025385 0.069474
4 0.808077 0.440000 0.026923 0.069474
4 0.148077 0.735263 0.026923 0.070526
4 0.436154 0.770526 0.027692 0.080000
4 0.814231 0.773684 0.030000 0.077895
5 0.136923 0.037895 0.018462 0.054737
5 0.512692 0.109474 0.022308 0.058947
5 0.820769 0.106842 0.024615 0.064211
5 0.142692 0.330000 0.022308 0.060000
5 0.492692 0.440526 0.026923 0.068421
5 0.838077 0.440000 0.028462 0.069474
5 0.172308 0.733684 0.024615 0.067368
5 0.469231 0.774211 0.030769 0.074737
5 0.847308 0.770526 0.028462 0.080000
6 0.155000 0.037895 0.017692 0.054737
6 0.538846 0.110526 0.022308 0.056842
6 0.849231 0.109474 0.023077 0.067368
6 0.165000 0.330000 0.022308 0.060000
6 0.519231 0.440000 0.029231 0.071579
6 0.871154 0.440000 0.028462 0.067368
6 0.200000 0.734211 0.024615 0.066316
6 0.502308 0.776316 0.027692 0.078947
6 0.880385 0.770526 0.030000 0.077895
7 0.173462 0.036842 0.019231 0.054737
7 0.565769 0.111579 0.023846 0.056842
7 0.882308 0.107368 0.029231 0.069474
7 0.188462 0.328947 0.024615 0.060000
7 0.554615 0.440000 0.032308 0.077895
7 0.901923 0.439474 0.033077 0.070526
7 0.227308 0.735789 0.028462 0.067368
7 0.538846 0.773684 0.034615 0.077895
7 0.916538 0.772632 0.033077 0.077895
8 0.190769 0.036316 0.015385 0.055789
8 0.591154 0.111579 0.011538 0.056842
8 0.911538 0.105263 0.015385 0.069474
8 0.205000 0.328947 0.008462 0.060000
8 0.586154 0.440000 0.016923 0.069474
8 0.934231 0.437895 0.014615 0.075789
8 0.255000 0.735789 0.019231 0.069474
8 0.571538 0.773158 0.015385 0.078947
8 0.951154 0.773158 0.013077 0.078947
9 0.210385 0.037368 0.017692 0.049474
9 0.619231 0.110526 0.024615 0.056842
9 0.220000 0.330000 0.020000 0.057895
9 0.619615 0.441579 0.028462 0.070526
9 0.967308 0.440000 0.028462 0.067368
9 0.041538 0.799474 0.026154 0.066316
9 0.606923 0.773158 0.032308 0.074737
9 0.983077 0.773684 0.029231 0.073684
10 0.228077 0.037368 0.017692 0.053684
10 0.382308 0.171579 0.018462 0.063158
10 0.668846 0.180526 0.025385 0.070526
10 0.241923 0.329474 0.020769 0.061053
10 0.334231 0.516842 0.025385 0.073684
10 0.683462 0.513684 0.026923 0.069474
10 0.066923 0.799474 0.023077 0.064211
10 0.301538 0.855789 0.029231 0.080000
10 0.678846 0.854737 0.028462 0.075789
11 0.246923 0.038947 0.018462 0.058947
11 0.408077 0.173158 0.022308 0.060000
11 0.701154 0.178947 0.026923 0.067368
11 0.264231 0.330000 0.023846 0.060000
11 0.364615 0.517368 0.026154 0.072632
11 0.711923 0.516316 0.026923 0.066316
11 0.093077 0.802632 0.024615 0.064211
11 0.334615 0.853684 0.029231 0.075789
11 0.713462 0.853684 0.033077 0.075789
12 0.265769 0.037895 0.019231 0.061053
12 0.435385 0.173158 0.029231 0.060000
12 0.730000 0.181579 0.033846 0.066316
12 0.289231 0.331053 0.027692 0.064211
12 0.396923 0.515263 0.032308 0.076842
12 0.743077 0.517368 0.035385 0.072632
12 0.118846 0.801579 0.025385 0.070526
12 0.366923 0.854737 0.035385 0.084211
12 0.745000 0.854211 0.036154 0.076842
13 0.284231 0.036842 0.017692 0.056842
13 0.460385 0.174211 0.025385 0.062105
13 0.760769 0.181579 0.026154 0.068421
13 0.024615 0.411053 0.024615 0.064211
13 0.428462 0.516842 0.027692 0.073684
13 0.775385 0.515789 0.026154 0.071579
13 0.144231 0.801053 0.025385 0.063158
13 0.402692 0.855789 0.033077 0.080000
13 0.780769 0.853684 0.030769 0.075789
14 0.301538 0.036316 0.018462 0.053684
14 0.485769 0.171053 0.023846 0.057895
14 0.791538 0.178421 0.024615 0.068421
14 0.047692 0.408421 0.020000 0.061053
14 0.461923 0.515789 0.026923 0.069474
14 0.807308 0.515263 0.031538 0.072632
14 0.169231 0.800000 0.023077 0.065263
14 0.435769 0.855789 0.034615 0.080000
14 0.813077 0.851579 0.030769 0.077895
15 0.321538 0.036842 0.018462 0.056842
15 0.512308 0.172632 0.021538 0.056842
15 0.819615 0.177895 0.026923 0.065263
15 0.068846 0.408947 0.022308 0.062105
15 0.489231 0.516316 0.027692 0.074737
15 0.838846 0.514211 0.028462 0.074737
15 0.218462 0.803158 0.026154 0.063158
15 0.468846 0.855789 0.031538 0.080000
15 0.846538 0.854737 0.028462 0.075789
16 0.035000 0.113684 0.017692 0.052632
16 0.537692 0.173158 0.024615 0.062105
16 0.852308 0.180526 0.029231 0.066316
16 0.091154 0.409474 0.022308 0.063158
16 0.523846 0.517895 0.027692 0.073684
16 0.871154 0.516842 0.028462 0.073684
16 0.195769 0.803684 0.026923 0.066316
16 0.504231 0.854211 0.031538 0.076842
16 0.881923 0.855263 0.033077 0.078947
17 0.053077 0.115263 0.018462 0.055789
17 0.564615 0.173684 0.027692 0.061053
17 0.882692 0.179474 0.028462 0.070526
17 0.113846 0.410000 0.023077 0.068421
17 0.556923 0.517368 0.030769 0.074737
17 0.902692 0.516316 0.031538 0.074737
17 0.248077 0.804211 0.031538 0.069474
17 0.538846 0.853684 0.034615 0.075789
17 0.914615 0.854737 0.032308 0.086316
18 0.072692 0.114737 0.017692 0.054737
18 0.591923 0.172632 0.026923 0.061053
18 0.911538 0.180000 0.029231 0.071579
18 0.136538 0.409474 0.022308 0.067368
18 0.587308 0.516842 0.028462 0.073684
18 0.933846 0.516842 0.030769 0.075789
18 0.039231 0.865263 0.026154 0.065263
18 0.569615 0.855263 0.033077 0.078947
18 0.948077 0.858421 0.036154 0.085263
19 0.090769 0.115263 0.021538 0.055789
19 0.621154 0.176316 0.025385 0.064211
19 0.943077 0.181579 0.026154 0.072632
19 0.158462 0.408947 0.023077 0.062105
19 0.619231 0.517895 0.024615 0.075789
19 0.965000 0.516842 0.031538 0.075789
19 0.064231 0.867368 0.025385 0.069474
19 0.605000 0.856316 0.034615 0.078947
19 0.982308 0.856842 0.030769 0.080000
9 0.944615 0.106842 0.030769 0.066316
20 0.108077 0.113684 0.017692 0.052632
20 0.383462 0.236842 0.023846 0.058947
20 0.670385 0.253158 0.026923 0.066316
20 0.180385 0.408421 0.022308 0.061053
20 0.334231 0.592105 0.028462 0.072632
20 0.681923 0.588421 0.028462 0.075789
20 0.091538 0.866316 0.027692 0.063158
20 0.301923 0.934737 0.026923 0.080000
20 0.680769 0.933684 0.029231 0.075789
21 0.126154 0.115263 0.018462 0.055789
21 0.408462 0.235263 0.024615 0.060000
21 0.701154 0.251579 0.025385 0.065263
21 0.203462 0.408421 0.023846 0.061053
21 0.366538 0.588421 0.026923 0.067368
21 0.711538 0.590000 0.029231 0.068421
21 0.115769 0.866842 0.025385 0.062105
21 0.334615 0.933158 0.032308 0.074737
21 0.713846 0.935789 0.030769 0.080000
22 0.145385 0.114737 0.020000 0.054737
22 0.433846 0.235789 0.026154 0.056842
22 0.730000 0.252105 0.029231 0.066316
22 0.223846 0.406316 0.021538 0.063158
22 0.397308 0.589474 0.033077 0.069474
22 0.745000 0.590000 0.033077 0.068421
22 0.140385 0.866316 0.022308 0.061053
22 0.367692 0.932105 0.033846 0.068421
22 0.746538 0.934211 0.033077 0.074737
23 0.166154 0.113158 0.018462 0.051579
23 0.458462 0.234737 0.023077 0.058947
23 0.761538 0.250000 0.029231 0.070526
23 0.247308 0.407368 0.023846 0.063158
23 0.429231 0.590526 0.027692 0.071579
23 0.776923 0.588421 0.029231 0.073684
23 0.166154 0.867368 0.024615 0.069474
23 0.401154 0.932632 0.031538 0.073684
23 0.781154 0.934211 0.028462 0.076842
24 0.182308 0.113158 0.018462 0.051579
24 0.485769 0.236316 0.025385 0.057895
24 0.795000 0.251053 0.023846 0.070526
24 0.269231 0.409474 0.020000 0.063158
24 0.462692 0.591579 0.028462 0.073684
24 0.805000 0.591053 0.026923 0.078947
24 0.190385 0.867368 0.023846 0.069474
24 0.435000 0.934211 0.031538 0.072632
24 0.812308 0.933158 0.033846 0.076842
25 0.200385 0.112632 0.019231 0.054737
25 0.513077 0.237368 0.024615 0.057895
25 0.823846 0.253684 0.030769 0.071579
25 0.291154 0.410000 0.025385 0.062105
25 0.493462 0.591579 0.033077 0.073684
25 0.837308 0.591579 0.031538 0.075789
25 0.219615 0.867368 0.034615 0.069474
25 0.472692 0.934737 0.037692 0.075789
25 0.852692 0.934737 0.043846 0.080000
26 0.098846 0.262105 0.023846 0.052632
26 0.619231 0.048421 0.027692 0.061053
26 0.943462 0.035789 0.026923 0.067368
26 0.048077 0.647368 0.023846 0.063158
26 0.619231 0.364211 0.030769 0.069474
26 0.966923 0.363158 0.030769 0.073684
26 0.605385 0.691053 0.029231 0.081053
26 0.982692 0.696316 0.033077 0.078947
27 0.117692 0.264211 0.013846 0.056842
27 0.383846 0.049474 0.021538 0.058947
27 0.671923 0.037368 0.019231 0.064211
27 0.334231 0.364211 0.020769 0.067368
27 0.683462 0.364211 0.017692 0.069474
27 0.065769 0.645789 0.013077 0.062105
27 0.301154 0.694211 0.016154 0.074737
27 0.678462 0.695263 0.021538 0.081053
28 0.135000 0.264737 0.020769 0.047368
28 0.408077 0.049474 0.022308 0.061053
28 0.702308 0.038947 0.024615 0.067368
28 0.366538 0.367368 0.028462 0.073684
28 0.712308 0.363158 0.026154 0.073684
28 0.082692 0.645263 0.020769 0.056842
28 0.335769 0.693158 0.033077 0.072632
28 0.712692 0.693158 0.031538 0.076842
29 0.154615 0.265263 0.018462 0.054737
29 0.435000 0.047368 0.022308 0.056842
29 0.731154 0.036316 0.026923 0.064211
29 0.397308 0.364737 0.026923 0.070526
29 0.742308 0.363158 0.027692 0.073684
29 0.105769 0.644737 0.022308 0.057895
29 0.367692 0.693684 0.029231 0.075789
29 0.748077 0.693158 0.030000 0.072632
30 0.172692 0.264211 0.016154 0.050526
30 0.460000 0.048947 0.026154 0.060000
30 0.761923 0.039474 0.026923 0.068421
30 0.126538 0.645263 0.020769 0.061053
30 0.403846 0.693684 0.030769 0.073684
30 0.780385 0.695263 0.030000 0.076842
31 0.190769 0.265263 0.016923 0.050526
31 0.489231 0.048947 0.024615 0.060000
31 0.459615 0.364737 0.033077 0.070526
31 0.806154 0.363158 0.030769 0.080000
31 0.149231 0.646316 0.021538 0.065263
31 0.436538 0.693158 0.030000 0.072632
31 0.813462 0.692632 0.031538 0.073684
30 0.427692 0.366842 0.032308 0.068421
30 0.775000 0.362632 0.034615 0.072632
27 0.031538 0.940526 0.016923 0.070526
28 0.051923 0.939474 0.023846 0.066316
29 0.075385 0.943158 0.026154 0.075789
30 0.100769 0.941053 0.024615 0.069474
31 0.126538 0.941053 0.026923 0.073684
32 0.210000 0.265789 0.018462 0.053684
32 0.512308 0.050000 0.023077 0.060000
32 0.821923 0.037895 0.026923 0.071579
32 0.492692 0.364737 0.026923 0.070526
32 0.838462 0.367368 0.029231 0.077895
32 0.171154 0.645263 0.022308 0.058947
32 0.468846 0.695789 0.028462 0.080000
32 0.846923 0.692632 0.029231 0.073684
31 0.790385 0.036842 0.026923 0.063158
32 0.152308 0.940526 0.024615 0.070526
33 0.226923 0.263684 0.020000 0.049474
33 0.537308 0.050000 0.025385 0.060000
33 0.851538 0.042105 0.026154 0.073684
33 0.522692 0.364737 0.026923 0.070526
33 0.869231 0.363158 0.029231 0.073684
33 0.192308 0.645263 0.024615 0.058947
33 0.176154 0.942105 0.024615 0.069474
33 0.500000 0.694211 0.030769 0.074737
33 0.881538 0.694211 0.033846 0.074737
34 0.246923 0.266316 0.018462 0.054737
34 0.566154 0.048421 0.023077 0.058947
34 0.880000 0.036842 0.029231 0.065263
34 0.554231 0.363158 0.033077 0.069474
34 0.900000 0.363684 0.032308 0.074737
34 0.203077 0.941053 0.026154 0.067368
34 0.537692 0.694211 0.033846 0.078947
34 0.915769 0.695263 0.031538 0.078947
35 0.266923 0.265789 0.021538 0.055789
35 0.591538 0.050000 0.026154 0.060000
35 0.912692 0.034737 0.028462 0.065263
35 0.239615 0.646316 0.025385 0.058947
35 0.587692 0.366316 0.026154 0.067368
35 0.934231 0.362632 0.028462 0.072632
35 0.227308 0.940000 0.026923 0.069474
35 0.570769 0.692632 0.032308 0.075789
35 0.949231 0.694737 0.030769 0.071579
34 0.215000 0.645263 0.023846 0.058947
26 0.253077 0.938947 0.024615 0.067368
0 0.219615 0.111579 0.016154 0.054737
0 0.028462 0.487895 0.021538 0.057895
1 0.236923 0.112105 0.018462 0.055789
2 0.255385 0.113684 0.016923 0.052632
3 0.273462 0.113684 0.016154 0.050526
4 0.292308 0.113684 0.018462 0.050526
5 0.310385 0.115263 0.017692 0.053684
6 0.329231 0.113684 0.018462 0.050526
7 0.015769 0.190000 0.019231 0.051579
8 0.035000 0.188947 0.016154 0.049474
9 0.054231 0.189474 0.017692 0.048421
10 0.071538 0.189474 0.018462 0.056842
11 0.090385 0.190526 0.019231 0.054737
12 0.108462 0.190526 0.018462 0.058947
13 0.126923 0.191053 0.018462 0.064211
14 0.145000 0.188947 0.019231 0.057895
15 0.164231 0.190000 0.017692 0.057895
16 0.183077 0.190000 0.016923 0.051579
17 0.202308 0.191579 0.018462 0.056842
18 0.219615 0.189474 0.016154 0.058947
19 0.238462 0.191579 0.020000 0.056842
20 0.256538 0.189474 0.016154 0.050526
21 0.273462 0.187895 0.017692 0.053684
22 0.293077 0.190000 0.016923 0.057895
23 0.310385 0.192105 0.017692 0.057895
24 0.329615 0.186842 0.016154 0.051579
25 0.349231 0.189474 0.018462 0.058947
1 0.050385 0.490000 0.022308 0.062105
2 0.073077 0.486842 0.023077 0.057895
3 0.096154 0.490000 0.026154 0.062105
4 0.120000 0.492105 0.021538 0.072632
5 0.142692 0.489474 0.022308 0.063158
6 0.165769 0.487895 0.022308 0.057895
7 0.187692 0.488947 0.023077 0.060000
8 0.204231 0.490526 0.010000 0.065263
9 0.219615 0.488947 0.020769 0.062105
10 0.241538 0.488947 0.021538 0.060000
11 0.265000 0.490526 0.022308 0.065263
12 0.288462 0.488421 0.024615 0.065263
13 0.026154 0.564211 0.023077 0.058947
14 0.047692 0.565263 0.020000 0.063158
15 0.069615 0.566316 0.020769 0.061053
16 0.091154 0.566316 0.022308 0.065263
17 0.113462 0.565263 0.022308 0.063158
18 0.135769 0.565789 0.022308 0.057895
19 0.157692 0.567368 0.021538 0.056842
20 0.180000 0.566316 0.023077 0.054737
21 0.201923 0.566842 0.020769 0.055789
22 0.224231 0.566316 0.022308 0.058947
23 0.246154 0.565789 0.021538 0.062105
24 0.268077 0.568421 0.020769 0.065263
25 0.291154 0.568421 0.025385 0.067368
