26 0.031992 0.071066 0.027045 0.071066
26 0.032982 0.276015 0.017150 0.067259
26 0.036939 0.461929 0.019789 0.055838
26 0.039248 0.631345 0.016491 0.069797
26 0.042876 0.829315 0.027704 0.062183
27 0.069921 0.064721 0.021108 0.063452
27 0.057058 0.270939 0.020449 0.079949
27 0.072889 0.463198 0.025726 0.053299
27 0.073549 0.637056 0.033641 0.058376
27 0.068272 0.831853 0.016491 0.067259
28 0.106860 0.069162 0.027704 0.059645
28 0.080145 0.270939 0.021768 0.069797
28 0.111148 0.464467 0.028364 0.048223
28 0.109499 0.635787 0.022427 0.063452
28 0.094327 0.836294 0.029024 0.058376
29 0.142150 0.065990 0.024406 0.065990
29 0.103892 0.267132 0.021768 0.079949
29 0.147427 0.463198 0.023087 0.053299
29 0.141821 0.635152 0.029024 0.064721
29 0.120712 0.831853 0.022427 0.052030
30 0.179090 0.070431 0.025726 0.067259
30 0.128958 0.274112 0.023087 0.055838
30 0.186346 0.470178 0.025726 0.059645
30 0.178100 0.637056 0.023747 0.053299
30 0.145778 0.831853 0.025066 0.052030
31 0.216029 0.069797 0.025726 0.068528
31 0.152045 0.276650 0.020449 0.065990
31 0.220317 0.465102 0.025066 0.064721
31 0.210422 0.638325 0.029024 0.078680
31 0.170844 0.829949 0.023747 0.063452
32 0.254288 0.071066 0.029683 0.071066
32 0.174472 0.274112 0.020449 0.063452
32 0.259565 0.463198 0.028364 0.068528
32 0.245383 0.633249 0.029024 0.060914
32 0.197559 0.833756 0.021768 0.063452
33 0.290237 0.067893 0.027704 0.069797
33 0.199538 0.273477 0.020449 0.052030
33 0.293536 0.458122 0.022427 0.068528
33 0.221966 0.828680 0.020449 0.063452
33 0.277375 0.633249 0.023087 0.058376
34 0.326847 0.068528 0.023087 0.071066
34 0.223945 0.272843 0.024406 0.058376
34 0.331464 0.459391 0.024406 0.060914
34 0.313325 0.632614 0.025066 0.059645
34 0.249011 0.831853 0.024406 0.052030
35 0.368734 0.070431 0.036939 0.074873
35 0.248351 0.276650 0.023087 0.068528
35 0.372691 0.463832 0.027704 0.067259
35 0.347955 0.631345 0.025726 0.062183
35 0.274406 0.831218 0.026385 0.058376
0 0.032652 0.163706 0.025726 0.055838
0 0.036280 0.370558 0.025066 0.063452
0 0.039908 0.545051 0.023087 0.052030
0 0.039908 0.723350 0.023087 0.055838
0 0.042876 0.928299 0.023747 0.064721
1 0.070910 0.165609 0.023087 0.059645
1 0.064644 0.370558 0.022427 0.063452
1 0.075858 0.541878 0.023747 0.053299
1 0.075858 0.718274 0.025066 0.063452
1 0.071240 0.932107 0.026385 0.064721
2 0.107190 0.161168 0.024406 0.073604
2 0.092348 0.371193 0.025066 0.059645
2 0.111148 0.545685 0.032322 0.060914
2 0.109828 0.717640 0.023087 0.059645
2 0.099934 0.932741 0.023087 0.060914
3 0.142810 0.161168 0.031003 0.060914
3 0.120383 0.369924 0.025726 0.062183
3 0.149406 0.545685 0.023087 0.050761
3 0.144459 0.722081 0.029024 0.055838
3 0.130277 0.932741 0.027045 0.060914
4 0.181728 0.166244 0.031003 0.055838
4 0.150396 0.371193 0.021108 0.052030
4 0.185026 0.544416 0.029683 0.048223
4 0.177111 0.720178 0.025726 0.059645
4 0.161939 0.930203 0.027045 0.060914
5 0.217678 0.166878 0.022427 0.062183
5 0.175462 0.371193 0.022427 0.052030
5 0.224604 0.545685 0.024406 0.053299
5 0.213391 0.720812 0.027045 0.053299
5 0.190633 0.930203 0.022427 0.050761
6 0.254617 0.166878 0.026385 0.057107
6 0.203826 0.369924 0.025066 0.049492
6 0.260554 0.546320 0.026385 0.052030
6 0.246372 0.718909 0.023087 0.054569
6 0.221306 0.926396 0.025726 0.073604
7 0.291887 0.164975 0.024406 0.058376
7 0.296834 0.547589 0.036939 0.057107
7 0.281003 0.720178 0.022427 0.059645
7 0.252639 0.930203 0.029024 0.068528
8 0.327507 0.164975 0.024406 0.053299
8 0.258245 0.370558 0.017810 0.055838
8 0.337731 0.549492 0.029024 0.060914
8 0.315303 0.720812 0.025066 0.060914
8 0.275726 0.927030 0.013193 0.067259
7 0.233509 0.371193 0.026385 0.052030
9 0.363786 0.166244 0.027045 0.063452
9 0.276715 0.367386 0.019129 0.044416
9 0.371702 0.546954 0.023087 0.050761
10 0.403034 0.166244 0.032982 0.050761
10 0.303100 0.371827 0.024406 0.058376
10 0.408641 0.545685 0.023087 0.053299
10 0.380277 0.723350 0.031003 0.055838
10 0.321570 0.928934 0.024406 0.055838
9 0.348615 0.721447 0.016491 0.044416
9 0.297823 0.928934 0.017810 0.053299
11 0.438984 0.164975 0.024406 0.060914
11 0.330475 0.367386 0.023747 0.049492
11 0.445580 0.541878 0.023087 0.050761
11 0.416227 0.722081 0.029024 0.063452
11 0.350594 0.928299 0.020449 0.062183
12 0.476253 0.163071 0.032982 0.062183
12 0.360158 0.371827 0.029024 0.058376
12 0.481201 0.539975 0.031003 0.057107
12 0.452507 0.716371 0.026385 0.067259
12 0.378958 0.926396 0.028364 0.050761
13 0.514182 0.164340 0.023087 0.052030
13 0.393140 0.369924 0.029024 0.049492
13 0.520119 0.542513 0.021768 0.044416
13 0.486807 0.720812 0.022427 0.060914
13 0.410950 0.928299 0.023747 0.057107
14 0.550132 0.164340 0.025066 0.052030
14 0.424142 0.369924 0.025066 0.054569
14 0.556398 0.544416 0.029683 0.055838
14 0.521108 0.723985 0.027704 0.059645
14 0.443931 0.928299 0.026385 0.057107
15 0.586741 0.166244 0.028364 0.055838
15 0.450858 0.372462 0.024406 0.052030
15 0.593338 0.545685 0.024406 0.053299
15 0.554090 0.723985 0.027704 0.052030
15 0.474604 0.932107 0.023087 0.054569
16 0.623021 0.167513 0.031003 0.071066
16 0.477902 0.375635 0.025726 0.065990
16 0.630607 0.549492 0.029024 0.058376
16 0.590699 0.729695 0.027045 0.063452
16 0.503958 0.932107 0.026385 0.054569
17 0.661609 0.166878 0.025066 0.057107
17 0.507916 0.372462 0.023747 0.052030
17 0.625660 0.720812 0.027045 0.060914
17 0.536939 0.929569 0.022427 0.067259
17 0.668206 0.547589 0.026385 0.057107
18 0.698549 0.164340 0.025066 0.046954
18 0.532652 0.372462 0.023087 0.052030
18 0.702836 0.545051 0.024406 0.052030
18 0.659301 0.722716 0.021768 0.049492
18 0.566623 0.926396 0.023747 0.060914
19 0.734169 0.163706 0.026385 0.055838
19 0.560026 0.368020 0.025066 0.060914
19 0.742084 0.543782 0.029024 0.057107
19 0.691623 0.718909 0.019129 0.046954
19 0.594327 0.925127 0.026385 0.063452
20 0.772427 0.167513 0.032982 0.055838
20 0.586082 0.373731 0.027045 0.049492
20 0.725264 0.721447 0.024406 0.052030
20 0.622691 0.928934 0.025066 0.055838
21 0.808047 0.165609 0.025066 0.052030
21 0.614776 0.367386 0.027704 0.052030
21 0.813654 0.545685 0.029683 0.050761
20 0.776715 0.546320 0.025726 0.052030
21 0.759894 0.720812 0.029024 0.045685
21 0.652375 0.928934 0.026385 0.055838
22 0.844657 0.167513 0.024406 0.053299
22 0.646768 0.369924 0.032322 0.054569
22 0.848945 0.542513 0.027704 0.044416
22 0.794525 0.721447 0.023087 0.052030
22 0.686346 0.928299 0.032322 0.057107
23 0.882256 0.164340 0.028364 0.059645
23 0.680409 0.371827 0.024406 0.053299
23 0.889182 0.545051 0.023747 0.052030
23 0.828496 0.722716 0.021108 0.049492
23 0.720646 0.930203 0.024406 0.058376
24 0.916887 0.161168 0.027704 0.053299
24 0.709103 0.371193 0.025066 0.052030
24 0.925462 0.546954 0.025066 0.055838
24 0.862467 0.720812 0.023087 0.050761
24 0.748351 0.930838 0.024406 0.057107
25 0.955145 0.157995 0.030343 0.067259
25 0.740765 0.373731 0.026385 0.054569
25 0.966359 0.547589 0.023747 0.054569
25 0.897757 0.723985 0.026385 0.052030
25 0.779683 0.930203 0.030343 0.060914
