0 0.043846 0.036842 0.015385 0.052632
0 0.384615 0.113684 0.021538 0.056842
0 0.670385 0.109474 0.022308 0.061053
0 0.220000 0.109474 0.013846 0.048421
0 0.027692 0.329474 0.018462 0.056842
0 0.331923 0.442632 0.026923 0.066316
0 0.026538 0.484737 0.022308 0.057895
0 0.683462 0.440000 0.025385 0.063158
0 0.680000 0.772632 0.030769 0.075789
0 0.041538 0.732632 0.024615 0.067368
0 0.302308 0.774737 0.030769 0.075789
1 0.061154 0.036842 0.017692 0.054737
1 0.236923 0.112632 0.018462 0.054737
1 0.407692 0.112632 0.023077 0.058947
1 0.699231 0.108947 0.029231 0.068421
1 0.049615 0.329474 0.023846 0.061053
1 0.365000 0.441053 0.026923 0.069474
1 0.049615 0.485789 0.023846 0.062105
1 0.711923 0.441053 0.030000 0.069474
1 0.068077 0.734737 0.026923 0.069474
1 0.334615 0.774211 0.033846 0.076842
1 0.711154 0.773158 0.031538 0.076842
2 0.079615 0.036316 0.017692 0.053684
2 0.730000 0.107895 0.029231 0.074737
2 0.255385 0.112105 0.016923 0.055789
2 0.073462 0.328421 0.022308 0.061053
2 0.073462 0.485263 0.022308 0.063158
2 0.398077 0.441579 0.026923 0.070526
2 0.433846 0.113158 0.024615 0.057895
2 0.743846 0.442105 0.029231 0.073684
2 0.094231 0.734737 0.025385 0.069474
2 0.369231 0.775789 0.029231 0.080000
2 0.745769 0.773684 0.034615 0.075789
3 0.098462 0.036842 0.018462 0.052632
3 0.273462 0.114211 0.017692 0.057895
3 0.459615 0.112632 0.023846 0.061053
3 0.760769 0.108947 0.029231 0.068421
3 0.097308 0.330000 0.023846 0.060000
3 0.097308 0.486316 0.025385 0.065263
3 0.429231 0.441579 0.027692 0.070526
3 0.776154 0.441053 0.027692 0.069474
3 0.121923 0.734211 0.025385 0.070526
3 0.400769 0.773684 0.032308 0.075789
3 0.780385 0.774737 0.031538 0.075789
4 0.116923 0.037368 0.018462 0.055789
4 0.486538 0.112105 0.028462 0.055789
4 0.291923 0.113684 0.019231 0.056842
4 0.791154 0.108947 0.030000 0.066316
4 0.120769 0.328947 0.021538 0.062105
4 0.120385 0.487368 0.022308 0.065263
4 0.148077 0.734211 0.025385 0.070526
4 0.460769 0.442632 0.029231 0.072632
4 0.807308 0.441053 0.031538 0.069474
4 0.437308 0.774211 0.031538 0.074737
4 0.813462 0.774211 0.034615 0.074737
5 0.135000 0.038421 0.017692 0.057895
5 0.310385 0.115263 0.017692 0.055789
5 0.512308 0.112105 0.023077 0.055789
5 0.820000 0.107895 0.026154 0.068421
5 0.142692 0.330000 0.022308 0.062105
5 0.142692 0.489474 0.022308 0.067368
5 0.491538 0.441053 0.027692 0.069474
5 0.837692 0.439474 0.026154 0.068421
5 0.173846 0.733158 0.024615 0.068421
5 0.469231 0.773684 0.029231 0.075789
5 0.848077 0.773158 0.031538 0.074737
6 0.154615 0.038421 0.018462 0.057895
6 0.538846 0.112105 0.026923 0.055789
6 0.849231 0.109474 0.026154 0.069474
6 0.165385 0.330526 0.023077 0.061053
6 0.165769 0.487895 0.020769 0.064211
6 0.521538 0.442105 0.029231 0.065263
6 0.870000 0.440000 0.027692 0.069474
6 0.200000 0.733684 0.026154 0.067368
6 0.502308 0.775789 0.030769 0.073684
6 0.880000 0.774211 0.029231 0.074737
6 0.331154 0.115263 0.019231 0.055789
7 0.173462 0.039474 0.017692 0.060000
7 0.015769 0.190000 0.019231 0.049474
7 0.566154 0.112632 0.024615 0.061053
7 0.881538 0.109474 0.026154 0.071579
7 0.189615 0.332105 0.022308 0.066316
7 0.188462 0.487895 0.024615 0.064211
7 0.554615 0.442632 0.032308 0.072632
7 0.902308 0.439474 0.029231 0.072632
7 0.228077 0.734737 0.028462 0.069474
7 0.538077 0.774211 0.030000 0.076842
7 0.916923 0.775263 0.032308 0.078947
8 0.191923 0.038421 0.017692 0.062105
8 0.034615 0.190526 0.016923 0.058947
8 0.590769 0.112632 0.018462 0.058947
8 0.911923 0.108421 0.020769 0.069474
8 0.205000 0.330000 0.008462 0.068421
8 0.205000 0.486842 0.008462 0.064211
8 0.585769 0.440000 0.020769 0.073684
8 0.933077 0.438947 0.016923 0.069474
8 0.255769 0.734211 0.017692 0.070526
8 0.571538 0.775263 0.023077 0.078947
8 0.950385 0.774737 0.017692 0.080000
9 0.208462 0.039474 0.018462 0.057895
9 0.053846 0.192105 0.016923 0.057895
9 0.618077 0.110000 0.025385 0.060000
9 0.940769 0.108421 0.032308 0.067368
9 0.219615 0.328947 0.020769 0.068421
9 0.220000 0.487368 0.020000 0.063158
9 0.618462 0.440000 0.029231 0.069474
9 0.966923 0.439474 0.027692 0.070526
9 0.038846 0.799474 0.025385 0.064211
9 0.606923 0.773684 0.033846 0.073684
9 0.982308 0.774211 0.030769 0.074737
10 0.228077 0.038421 0.017692 0.057895
10 0.071923 0.189474 0.017692 0.056842
10 0.381154 0.174211 0.022308 0.062105
10 0.670000 0.181579 0.027692 0.066316
10 0.241154 0.329474 0.020769 0.063158
10 0.241538 0.486316 0.021538 0.061053
10 0.331923 0.518421 0.025385 0.070526
10 0.683462 0.516316 0.023846 0.074737
10 0.066154 0.800526 0.023077 0.068421
10 0.300385 0.855263 0.028462 0.078947
10 0.677692 0.852632 0.029231 0.080000
11 0.090385 0.188421 0.019231 0.050526
11 0.406923 0.173158 0.023077 0.060000
11 0.698077 0.180526 0.025385 0.066316
11 0.264231 0.328421 0.023846 0.058947
11 0.264615 0.486316 0.023077 0.061053
11 0.363462 0.514737 0.028462 0.069474
11 0.711923 0.514737 0.025385 0.071579
11 0.887692 0.252105 0.033846 0.068421
11 0.093077 0.798947 0.026154 0.063158
11 0.331923 0.854211 0.033077 0.076842
11 0.711154 0.853158 0.030000 0.072632
12 0.109231 0.190526 0.015385 0.058947
12 0.434615 0.171579 0.026154 0.058947
12 0.729615 0.177895 0.033077 0.069474
12 0.289615 0.329474 0.028462 0.058947
12 0.288462 0.486842 0.026154 0.057895
12 0.119231 0.803684 0.024615 0.066316
12 0.366154 0.856842 0.036923 0.075789
12 0.396538 0.517895 0.036154 0.073684
12 0.743077 0.515263 0.035385 0.072632
12 0.746538 0.853684 0.039231 0.082105
13 0.126923 0.188421 0.020000 0.054737
13 0.461538 0.173684 0.023077 0.058947
13 0.761538 0.181053 0.027692 0.065263
13 0.023846 0.407895 0.026154 0.064211
13 0.024231 0.567895 0.025385 0.064211
13 0.429615 0.518421 0.030000 0.070526
13 0.775769 0.515263 0.030000 0.068421
13 0.144615 0.800526 0.024615 0.070526
13 0.403077 0.854737 0.029231 0.080000
13 0.780769 0.851579 0.029231 0.080000
11 0.245769 0.036842 0.016154 0.052632
12 0.265000 0.038947 0.019231 0.061053
13 0.283846 0.038421 0.018462 0.060000
14 0.302308 0.036316 0.018462 0.055789
14 0.145769 0.188947 0.017692 0.049474
14 0.488462 0.173684 0.024615 0.058947
14 0.791923 0.181053 0.023846 0.065263
14 0.047308 0.406842 0.020769 0.057895
14 0.047692 0.566316 0.021538 0.061053
14 0.461538 0.517895 0.027692 0.065263
14 0.806538 0.514737 0.030000 0.067368
14 0.170000 0.801579 0.026154 0.062105
14 0.436538 0.855263 0.030000 0.072632
14 0.815769 0.853158 0.031538 0.074737
15 0.164231 0.189474 0.017692 0.052632
15 0.325385 0.037895 0.029231 0.061053
15 0.512308 0.172105 0.026154 0.057895
15 0.820769 0.179474 0.027692 0.062105
15 0.069231 0.408947 0.021538 0.062105
15 0.068846 0.567895 0.022308 0.066316
15 0.490769 0.517368 0.029231 0.072632
15 0.837308 0.514211 0.031538 0.078947
15 0.219615 0.802105 0.023846 0.065263
15 0.468462 0.852632 0.029231 0.073684
15 0.846923 0.852632 0.029231 0.075789
16 0.035769 0.115789 0.017692 0.056842
16 0.182308 0.190526 0.018462 0.054737
16 0.539231 0.173684 0.027692 0.058947
16 0.852692 0.180000 0.033077 0.071579
16 0.091538 0.411053 0.023077 0.066316
16 0.091538 0.568947 0.023077 0.070526
16 0.523462 0.519474 0.030000 0.070526
16 0.870385 0.514211 0.026923 0.070526
16 0.195385 0.802632 0.026154 0.064211
16 0.505000 0.854211 0.030000 0.076842
16 0.882692 0.853684 0.030000 0.075789
17 0.053846 0.115789 0.018462 0.063158
17 0.200769 0.189474 0.018462 0.058947
17 0.565385 0.174211 0.024615 0.057895
17 0.882692 0.178947 0.030000 0.071579
17 0.113462 0.567895 0.022308 0.066316
17 0.555000 0.517368 0.026923 0.072632
17 0.903846 0.514737 0.032308 0.077895
17 0.113462 0.409474 0.022308 0.069474
17 0.247308 0.803158 0.026923 0.073684
17 0.536923 0.852632 0.033846 0.073684
17 0.915385 0.857368 0.027692 0.076842
18 0.071923 0.112105 0.019231 0.055789
18 0.218846 0.187368 0.017692 0.054737
18 0.590385 0.172632 0.023846 0.054737
18 0.910769 0.178947 0.026154 0.069474
18 0.136923 0.408947 0.024615 0.068421
18 0.136154 0.567368 0.021538 0.065263
18 0.585385 0.516316 0.029231 0.078947
18 0.934615 0.515263 0.029231 0.078947
18 0.040385 0.867368 0.026923 0.065263
18 0.571154 0.853684 0.033077 0.075789
18 0.950000 0.853684 0.032308 0.075789
19 0.090385 0.110526 0.019231 0.056842
19 0.238462 0.190526 0.020000 0.054737
19 0.620769 0.173684 0.024615 0.058947
19 0.944615 0.180000 0.029231 0.069474
19 0.158077 0.566316 0.022308 0.058947
19 0.618846 0.518947 0.034615 0.075789
19 0.158462 0.409474 0.021538 0.069474
19 0.964231 0.517368 0.028462 0.074737
19 0.065000 0.866316 0.025385 0.061053
19 0.605769 0.855789 0.033077 0.071579
19 0.983846 0.852105 0.032308 0.081053
20 0.255769 0.191053 0.017692 0.060000
20 0.108846 0.112632 0.017692 0.054737
20 0.383077 0.236842 0.020000 0.058947
20 0.671538 0.252632 0.026154 0.075789
20 0.181154 0.406316 0.023846 0.063158
20 0.180769 0.565789 0.021538 0.060000
20 0.334231 0.592632 0.030000 0.071579
20 0.681923 0.589474 0.028462 0.071579
20 0.093077 0.867368 0.026154 0.069474
20 0.300769 0.936316 0.029231 0.076842
20 0.679231 0.932632 0.032308 0.075789
20 0.857308 0.254737 0.026923 0.067368
21 0.273846 0.187895 0.018462 0.053684
21 0.126923 0.113158 0.018462 0.051579
21 0.407692 0.235789 0.023077 0.056842
21 0.701923 0.250526 0.026923 0.069474
21 0.201923 0.564211 0.020769 0.065263
21 0.202308 0.407368 0.021538 0.056842
21 0.366538 0.588947 0.028462 0.066316
21 0.712308 0.587895 0.026154 0.068421
21 0.115769 0.867368 0.023846 0.061053
21 0.335385 0.935789 0.030769 0.077895
21 0.713077 0.934737 0.032308 0.075789
22 0.293846 0.190526 0.018462 0.061053
22 0.146154 0.115263 0.018462 0.053684
22 0.433846 0.235789 0.026154 0.056842
22 0.731923 0.247895 0.028462 0.066316
22 0.224231 0.561579 0.020769 0.066316
22 0.224231 0.411053 0.020769 0.066316
22 0.398462 0.592632 0.032308 0.071579
22 0.745000 0.590526 0.031538 0.069474
22 0.141154 0.865789 0.025385 0.060000
22 0.369615 0.935263 0.033077 0.074737
22 0.746538 0.934211 0.033077 0.076842
23 0.312692 0.189474 0.017692 0.056842
23 0.163846 0.113158 0.018462 0.049474
23 0.458846 0.236842 0.022308 0.063158
23 0.761154 0.252632 0.030000 0.067368
23 0.246154 0.408421 0.023077 0.058947
23 0.245769 0.563684 0.022308 0.066316
23 0.427692 0.593684 0.032308 0.075789
23 0.776154 0.590000 0.030769 0.072632
23 0.166538 0.867368 0.025385 0.069474
23 0.402308 0.936316 0.033846 0.081053
23 0.781538 0.934211 0.032308 0.076842
24 0.181923 0.112105 0.017692 0.053684
24 0.486538 0.236316 0.025385 0.064211
24 0.330000 0.192105 0.016923 0.064211
24 0.794615 0.252105 0.027692 0.074737
24 0.267308 0.564737 0.020769 0.068421
24 0.268077 0.411053 0.020769 0.064211
24 0.464615 0.592105 0.026154 0.072632
24 0.805769 0.593158 0.028462 0.072632
24 0.191154 0.866316 0.022308 0.067368
24 0.436154 0.935263 0.029231 0.081053
24 0.814231 0.935263 0.033077 0.074737
25 0.201538 0.112632 0.020000 0.050526
25 0.291538 0.563684 0.026154 0.066316
25 0.493462 0.593158 0.026923 0.066316
25 0.351538 0.186842 0.021538 0.062105
25 0.515000 0.240000 0.025385 0.061053
25 0.822692 0.251579 0.025385 0.073684
25 0.840769 0.590000 0.030769 0.068421
25 0.294231 0.412105 0.030000 0.066316
25 0.218077 0.865789 0.026923 0.068421
25 0.471154 0.931053 0.033077 0.078947
25 0.848462 0.935263 0.032308 0.078947
25 0.892692 0.935789 0.033077 0.077895
26 0.098462 0.264737 0.023077 0.051579
26 0.619231 0.051053 0.024615 0.062105
26 0.943462 0.036316 0.026923 0.066316
26 0.619231 0.364211 0.024615 0.077895
26 0.965769 0.363158 0.031538 0.075789
26 0.046923 0.651053 0.026154 0.070526
26 0.981923 0.692632 0.026923 0.082105
26 0.604615 0.692105 0.030769 0.076842
26 0.253462 0.934737 0.023846 0.080000
27 0.118846 0.263684 0.014615 0.060000
27 0.286154 0.260526 0.016923 0.064211
27 0.303077 0.261579 0.016923 0.068421
27 0.381923 0.050526 0.014615 0.065263
27 0.671923 0.036842 0.025385 0.065263
27 0.066154 0.649474 0.012308 0.069474
27 0.299615 0.690526 0.025385 0.082105
27 0.334231 0.363158 0.020769 0.073684
27 0.682692 0.364211 0.019231 0.077895
27 0.030000 0.944737 0.013846 0.085263
27 0.676538 0.694737 0.026923 0.080000
28 0.134231 0.264737 0.019231 0.057895
28 0.406923 0.048421 0.027692 0.058947
28 0.702692 0.035263 0.020769 0.066316
28 0.083846 0.645263 0.021538 0.063158
28 0.366154 0.365263 0.029231 0.071579
28 0.711923 0.363684 0.030000 0.074737
28 0.712692 0.692632 0.031538 0.077895
28 0.335769 0.692105 0.033077 0.085263
28 0.052692 0.942105 0.025385 0.071579
29 0.155385 0.266842 0.016923 0.055789
29 0.432692 0.048421 0.023846 0.061053
29 0.732308 0.036316 0.027692 0.066316
29 0.397692 0.366316 0.027692 0.067368
29 0.745769 0.362632 0.026923 0.074737
29 0.075769 0.936316 0.025385 0.076842
29 0.368077 0.690526 0.031538 0.080000
29 0.746154 0.693684 0.033846 0.073684
29 0.106154 0.644211 0.021538 0.075789
30 0.172308 0.262632 0.015385 0.055789
30 0.323077 0.257368 0.021538 0.055789
30 0.458846 0.050526 0.022308 0.063158
30 0.760769 0.037895 0.026154 0.069474
30 0.428462 0.364211 0.029231 0.067368
30 0.776154 0.363158 0.027692 0.073684
30 0.126923 0.647368 0.018462 0.056842
30 0.400385 0.692105 0.028462 0.074737
30 0.102308 0.942105 0.023077 0.069474
30 0.778462 0.692105 0.030769 0.074737
31 0.190769 0.264211 0.016923 0.056842
31 0.486538 0.047895 0.025385 0.055789
31 0.791923 0.035789 0.028462 0.069474
31 0.149231 0.648947 0.024615 0.064211
31 0.461923 0.362105 0.031538 0.071579
31 0.807308 0.363158 0.026923 0.069474
31 0.434615 0.693158 0.032308 0.076842
31 0.127692 0.940000 0.023077 0.071579
31 0.815000 0.692105 0.031538 0.070526
32 0.210000 0.264737 0.018462 0.051579
32 0.513077 0.049474 0.021538 0.058947
32 0.822692 0.036842 0.025385 0.067368
32 0.171923 0.646316 0.020769 0.080000
32 0.490000 0.364737 0.026154 0.072632
32 0.837692 0.365263 0.032308 0.069474
32 0.151923 0.939474 0.023846 0.064211
32 0.470385 0.695789 0.026923 0.082105
32 0.846154 0.692632 0.035385 0.077895
33 0.228462 0.264211 0.018462 0.050526
33 0.538077 0.049474 0.025385 0.061053
33 0.852308 0.037895 0.024615 0.065263
33 0.192308 0.645263 0.020000 0.071579
33 0.522308 0.364737 0.033846 0.078947
33 0.869231 0.365263 0.032308 0.069474
33 0.175769 0.941579 0.023846 0.070526
33 0.501154 0.694211 0.030000 0.078947
33 0.553846 0.593684 0.021538 0.061053
33 0.883077 0.693158 0.030769 0.085263
34 0.246923 0.264211 0.016923 0.050526
34 0.565769 0.051053 0.025385 0.062105
34 0.882692 0.035263 0.023846 0.068421
34 0.215385 0.646842 0.021538 0.064211
34 0.555385 0.365263 0.027692 0.071579
34 0.900769 0.363684 0.029231 0.074737
34 0.203077 0.940526 0.024615 0.068421
34 0.536923 0.692632 0.033846 0.077895
34 0.915385 0.691053 0.027692 0.072632
34 0.531154 0.591053 0.022308 0.068421
34 0.577308 0.593158 0.020769 0.064211
35 0.265769 0.262105 0.020769 0.056842
35 0.240769 0.648421 0.026154 0.065263
35 0.592308 0.048947 0.024615 0.057895
35 0.912308 0.036842 0.024615 0.071579
35 0.587308 0.362632 0.030000 0.072632
35 0.933846 0.361579 0.027692 0.072632
35 0.228077 0.941053 0.025385 0.063158
35 0.569615 0.689474 0.031538 0.075789
35 0.948462 0.692632 0.030769 0.073684
33 0.348846 0.258947 0.028462 0.061053
1 0.545385 0.238947 0.035385 0.061053
1 0.581923 0.240000 0.033077 0.061053
31 0.606154 0.590000 0.030769 0.057895
13 0.515000 0.937368 0.034615 0.078947
14 0.906154 0.590526 0.026154 0.067368
14 0.546154 0.934737 0.029231 0.080000
7 0.880385 0.590526 0.025385 0.069474
5 0.577308 0.934737 0.033077 0.073684
20 0.923462 0.936842 0.031538 0.071579
7 0.958077 0.936842 0.037692 0.077895
