0 0.043077 0.035789 0.012308 0.052632
0 0.219231 0.115263 0.015385 0.053684
0 0.026538 0.328947 0.022308 0.060000
0 0.330769 0.443158 0.029231 0.065263
0 0.027308 0.486316 0.019231 0.061053
0 0.682692 0.441579 0.026923 0.066316
0 0.040385 0.732632 0.028462 0.063158
0 0.301154 0.776842 0.030000 0.071579
0 0.383462 0.112105 0.017692 0.053684
0 0.670000 0.111053 0.021538 0.062105
0 0.680000 0.773684 0.027692 0.073684
1 0.061538 0.036842 0.018462 0.052632
1 0.236923 0.115789 0.016923 0.054737
1 0.408846 0.112632 0.025385 0.058947
1 0.700769 0.107368 0.026154 0.065263
1 0.050769 0.330526 0.023077 0.054737
1 0.050769 0.486316 0.023077 0.065263
1 0.365000 0.440526 0.031538 0.068421
1 0.711154 0.441053 0.028462 0.069474
1 0.068077 0.735789 0.025385 0.069474
1 0.332308 0.773684 0.033846 0.077895
1 0.710769 0.774211 0.030769 0.076842
2 0.080769 0.036842 0.016923 0.054737
2 0.434231 0.112632 0.023846 0.058947
2 0.255385 0.114211 0.018462 0.051579
2 0.732692 0.108947 0.023846 0.062105
2 0.072692 0.328421 0.020769 0.065263
2 0.073077 0.486842 0.021538 0.074737
2 0.397308 0.440000 0.023846 0.069474
2 0.744615 0.440526 0.026154 0.070526
2 0.094615 0.734211 0.026154 0.066316
2 0.368846 0.772632 0.025385 0.073684
2 0.746923 0.773684 0.029231 0.073684
3 0.098077 0.037895 0.017692 0.054737
3 0.273462 0.113684 0.016154 0.052632
3 0.459615 0.112105 0.023846 0.060000
3 0.761538 0.107895 0.027692 0.068421
3 0.096538 0.331579 0.022308 0.065263
3 0.096154 0.484737 0.023077 0.068421
3 0.428846 0.441053 0.028462 0.069474
3 0.775769 0.440526 0.025385 0.072632
3 0.121154 0.735263 0.026923 0.068421
3 0.402692 0.774211 0.030000 0.074737
3 0.780000 0.772632 0.029231 0.077895
4 0.117308 0.038421 0.016154 0.051579
4 0.486538 0.111053 0.019231 0.062105
4 0.792308 0.107368 0.026154 0.073684
4 0.120000 0.332105 0.021538 0.064211
4 0.120000 0.486316 0.021538 0.069474
4 0.462308 0.441053 0.027692 0.069474
4 0.807308 0.439474 0.031538 0.072632
4 0.148077 0.735263 0.023846 0.068421
4 0.437692 0.774211 0.030769 0.074737
4 0.815385 0.774211 0.032308 0.074737
5 0.134615 0.036842 0.018462 0.052632
5 0.310385 0.113684 0.017692 0.052632
4 0.293077 0.113684 0.020000 0.052632
5 0.512308 0.110526 0.023077 0.056842
5 0.821154 0.104737 0.022308 0.062105
5 0.143077 0.329474 0.021538 0.061053
5 0.142692 0.486842 0.020769 0.066316
5 0.491154 0.440526 0.026923 0.068421
5 0.838846 0.438947 0.026923 0.065263
5 0.173462 0.735263 0.025385 0.068421
5 0.469231 0.772632 0.029231 0.073684
5 0.847692 0.774211 0.029231 0.074737
6 0.153846 0.037895 0.016923 0.054737
6 0.330000 0.113684 0.016923 0.050526
6 0.539615 0.111579 0.022308 0.054737
6 0.850000 0.110000 0.024615 0.064211
6 0.166154 0.331053 0.021538 0.060000
6 0.164615 0.485789 0.021538 0.062105
6 0.521154 0.439474 0.020769 0.068421
6 0.870769 0.440000 0.026154 0.071579
6 0.200000 0.735789 0.026154 0.067368
6 0.501923 0.774211 0.026923 0.074737
6 0.881154 0.772632 0.028462 0.073684
7 0.173077 0.037368 0.018462 0.055789
7 0.016154 0.191579 0.020000 0.054737
7 0.566538 0.111053 0.025385 0.057895
7 0.881923 0.107895 0.022308 0.064211
7 0.188846 0.329474 0.020769 0.063158
7 0.556154 0.440000 0.026154 0.073684
7 0.902308 0.440000 0.029231 0.069474
7 0.227308 0.733684 0.026923 0.065263
7 0.187692 0.488947 0.021538 0.062105
7 0.537692 0.774211 0.029231 0.076842
7 0.916154 0.773158 0.027692 0.074737
8 0.191154 0.038421 0.016154 0.057895
8 0.035000 0.188947 0.017692 0.051579
8 0.591538 0.112105 0.016923 0.060000
8 0.911154 0.106316 0.019231 0.067368
8 0.205000 0.328947 0.008462 0.062105
8 0.205385 0.491053 0.009231 0.066316
8 0.586538 0.438947 0.013077 0.071579
8 0.934231 0.438947 0.016154 0.071579
8 0.255769 0.732632 0.011538 0.067368
8 0.571923 0.773158 0.016154 0.074737
8 0.950000 0.773158 0.018462 0.083158
9 0.209615 0.037895 0.016154 0.054737
9 0.053846 0.191053 0.018462 0.053684
9 0.619615 0.111579 0.023846 0.054737
9 0.219615 0.328947 0.020769 0.068421
9 0.943846 0.107895 0.026154 0.064211
9 0.220000 0.486316 0.021538 0.061053
9 0.618077 0.438421 0.025385 0.070526
9 0.038462 0.801053 0.027692 0.067368
9 0.606538 0.772105 0.026923 0.074737
9 0.983462 0.771579 0.025385 0.075789
9 0.966154 0.437368 0.024615 0.072632
10 0.228077 0.037368 0.017692 0.053684
10 0.071923 0.192105 0.016154 0.062105
10 0.381923 0.174211 0.022308 0.060000
10 0.671154 0.181579 0.025385 0.066316
10 0.241154 0.326316 0.022308 0.067368
11 0.089615 0.191579 0.019231 0.056842
11 0.407308 0.173158 0.023846 0.055789
11 0.700000 0.179474 0.027692 0.068421
11 0.263846 0.327368 0.023077 0.067368
10 0.241538 0.490000 0.021538 0.070526
11 0.264231 0.488947 0.022308 0.070526
11 0.363462 0.514737 0.030000 0.067368
11 0.712692 0.513158 0.025385 0.072632
11 0.094615 0.801053 0.023077 0.063158
11 0.334615 0.851053 0.024615 0.072632
11 0.712692 0.851579 0.028462 0.077895
10 0.332692 0.513158 0.030000 0.072632
10 0.682308 0.511579 0.023077 0.069474
10 0.066154 0.800526 0.024615 0.060000
10 0.302692 0.855789 0.031538 0.073684
10 0.681154 0.852632 0.030000 0.073684
11 0.247308 0.037368 0.019231 0.049474
12 0.265000 0.039474 0.017692 0.060000
12 0.433846 0.173684 0.026154 0.058947
12 0.730000 0.178421 0.029231 0.070526
12 0.288077 0.326842 0.023846 0.064211
12 0.288077 0.490000 0.023846 0.068421
12 0.396154 0.514737 0.035385 0.069474
12 0.743462 0.515263 0.034615 0.070526
12 0.118077 0.804211 0.025385 0.069474
12 0.108846 0.190000 0.017692 0.057895
12 0.745769 0.855263 0.034615 0.078947
13 0.126923 0.191053 0.018462 0.060000
13 0.460769 0.174737 0.024615 0.061053
13 0.761923 0.178947 0.028462 0.069474
13 0.024615 0.410000 0.020000 0.057895
13 0.025385 0.567895 0.021538 0.057895
13 0.428846 0.517895 0.028462 0.067368
13 0.775769 0.514211 0.028462 0.070526
13 0.144231 0.802105 0.025385 0.065263
13 0.401538 0.856316 0.033846 0.072632
13 0.781154 0.852632 0.025385 0.075789
12 0.366154 0.858421 0.035385 0.076842
14 0.145385 0.187895 0.016923 0.055789
14 0.486923 0.173158 0.021538 0.055789
14 0.460769 0.513684 0.024615 0.069474
14 0.301538 0.038421 0.015385 0.057895
13 0.283462 0.037368 0.019231 0.060000
14 0.790385 0.180000 0.030000 0.069474
14 0.046538 0.570000 0.019231 0.068421
14 0.047308 0.408421 0.020769 0.073684
14 0.807692 0.513158 0.024615 0.072632
14 0.169615 0.798421 0.022308 0.064211
14 0.436923 0.854211 0.029231 0.074737
14 0.815000 0.853158 0.031538 0.074737
15 0.322692 0.037368 0.020769 0.060000
15 0.164231 0.187368 0.017692 0.054737
15 0.512692 0.172632 0.020769 0.054737
15 0.820769 0.180000 0.023077 0.069474
15 0.068846 0.407895 0.022308 0.064211
15 0.069231 0.564211 0.021538 0.065263
15 0.491154 0.515263 0.023846 0.068421
15 0.837692 0.513158 0.024615 0.066316
15 0.220385 0.798947 0.023846 0.067368
15 0.468846 0.852632 0.026923 0.073684
15 0.846154 0.851579 0.027692 0.071579
16 0.035000 0.113684 0.017692 0.048421
16 0.182692 0.188947 0.016154 0.062105
16 0.538462 0.172105 0.023077 0.057895
16 0.091154 0.410000 0.022308 0.068421
16 0.091538 0.567895 0.023077 0.072632
16 0.195000 0.804211 0.025385 0.065263
16 0.525769 0.516842 0.026923 0.073684
16 0.870769 0.515263 0.029231 0.070526
16 0.503846 0.853684 0.030769 0.073684
16 0.883077 0.854211 0.030769 0.076842
17 0.054231 0.114737 0.017692 0.054737
17 0.200769 0.188947 0.018462 0.062105
17 0.566154 0.172632 0.024615 0.056842
17 0.882308 0.179474 0.029231 0.068421
16 0.851923 0.176842 0.025385 0.065263
17 0.113846 0.407895 0.023077 0.064211
17 0.113846 0.571579 0.023077 0.073684
17 0.554615 0.514737 0.026154 0.069474
17 0.905000 0.516316 0.026923 0.070526
17 0.248077 0.802105 0.031538 0.069474
17 0.538846 0.854211 0.031538 0.076842
17 0.915769 0.855263 0.028462 0.078947
18 0.071923 0.113684 0.017692 0.056842
18 0.220000 0.187895 0.015385 0.055789
18 0.590769 0.171579 0.023077 0.054737
18 0.912308 0.180526 0.024615 0.066316
18 0.135769 0.407368 0.022308 0.063158
18 0.135385 0.566842 0.020000 0.060000
18 0.586923 0.515789 0.027692 0.069474
18 0.933462 0.514211 0.025385 0.068421
18 0.039615 0.865263 0.028462 0.065263
18 0.572692 0.853684 0.030000 0.075789
18 0.950385 0.853684 0.031538 0.073684
19 0.090385 0.115263 0.019231 0.055789
19 0.237692 0.189474 0.018462 0.052632
19 0.621154 0.174211 0.023846 0.062105
19 0.943846 0.181053 0.026154 0.067368
19 0.158462 0.406842 0.023077 0.062105
19 0.157692 0.566316 0.020000 0.058947
19 0.619615 0.516842 0.028462 0.073684
19 0.966923 0.514211 0.030769 0.074737
19 0.065769 0.868421 0.022308 0.067368
19 0.606538 0.854211 0.031538 0.076842
19 0.982308 0.857368 0.029231 0.076842
20 0.108462 0.114211 0.016923 0.057895
20 0.256154 0.190526 0.015385 0.054737
20 0.381923 0.237368 0.020769 0.057895
20 0.671154 0.251053 0.028462 0.066316
20 0.180769 0.409474 0.021538 0.061053
20 0.180385 0.567368 0.022308 0.063158
20 0.333846 0.588947 0.027692 0.064211
20 0.680000 0.587368 0.024615 0.065263
20 0.092692 0.866316 0.025385 0.067368
20 0.301538 0.935263 0.029231 0.074737
20 0.678846 0.933684 0.028462 0.073684
21 0.126538 0.111053 0.017692 0.055789
21 0.274231 0.186316 0.017692 0.056842
21 0.408846 0.236842 0.020769 0.063158
21 0.700769 0.251053 0.026154 0.064211
21 0.203077 0.409474 0.020000 0.056842
21 0.202692 0.564211 0.019231 0.065263
21 0.364615 0.590000 0.027692 0.068421
21 0.711538 0.588947 0.029231 0.074737
21 0.115769 0.866842 0.025385 0.062105
21 0.334615 0.933158 0.029231 0.072632
21 0.712692 0.933684 0.033077 0.075789
22 0.145385 0.113158 0.018462 0.057895
22 0.224231 0.408947 0.022308 0.060000
22 0.223462 0.565789 0.020769 0.062105
22 0.397692 0.592632 0.030769 0.071579
22 0.141538 0.867368 0.024615 0.061053
22 0.368846 0.934737 0.031538 0.073684
22 0.746538 0.935789 0.033077 0.077895
22 0.293077 0.185263 0.016923 0.061053
22 0.433077 0.234211 0.027692 0.057895
22 0.732308 0.250526 0.029231 0.065263
22 0.744231 0.590526 0.030000 0.071579
23 0.164231 0.113684 0.017692 0.061053
23 0.459615 0.236842 0.023846 0.054737
23 0.760385 0.252632 0.025385 0.067368
23 0.247308 0.408421 0.020769 0.061053
23 0.246154 0.567895 0.021538 0.062105
23 0.166154 0.867368 0.024615 0.065263
23 0.403462 0.933684 0.030000 0.075789
23 0.780769 0.934211 0.030769 0.076842
23 0.312308 0.190526 0.018462 0.058947
23 0.427308 0.589474 0.026923 0.071579
23 0.776154 0.590526 0.029231 0.071579
24 0.181923 0.111579 0.017692 0.056842
24 0.486923 0.234737 0.021538 0.058947
24 0.795000 0.251053 0.022308 0.066316
24 0.268077 0.568421 0.020769 0.065263
24 0.463846 0.593158 0.026154 0.074737
24 0.805385 0.591579 0.026154 0.069474
24 0.190769 0.870000 0.024615 0.070526
24 0.434615 0.931579 0.032308 0.077895
24 0.813846 0.936842 0.030769 0.080000
24 0.268077 0.409474 0.020769 0.067368
24 0.330385 0.187895 0.016154 0.055789
25 0.200769 0.112632 0.018462 0.058947
25 0.350000 0.187368 0.020000 0.054737
25 0.513462 0.234737 0.020769 0.058947
25 0.822692 0.252632 0.023846 0.065263
27 0.290000 0.254737 0.020000 0.058947
27 0.118077 0.262105 0.013077 0.065263
27 0.382308 0.048421 0.016923 0.058947
27 0.672692 0.036842 0.016154 0.063158
27 0.066154 0.646842 0.012308 0.066316
27 0.302308 0.692105 0.016923 0.076842
27 0.681154 0.692632 0.023846 0.075789
30 0.323462 0.256842 0.022308 0.056842
30 0.461923 0.048947 0.020769 0.057895
30 0.762692 0.038421 0.022308 0.062105
30 0.100769 0.940526 0.024615 0.070526
30 0.403462 0.694737 0.030000 0.071579
30 0.780385 0.692632 0.028462 0.073684
30 0.173462 0.266842 0.017692 0.053684
30 0.428846 0.364737 0.026923 0.068421
30 0.126538 0.647368 0.017692 0.067368
30 0.776538 0.362105 0.023846 0.073684
33 0.347308 0.255789 0.025385 0.061053
33 0.227308 0.264211 0.019231 0.048421
33 0.524231 0.363684 0.026923 0.074737
33 0.539615 0.048421 0.025385 0.058947
33 0.851538 0.037895 0.026154 0.065263
33 0.867692 0.364211 0.026154 0.069474
33 0.195769 0.645789 0.026923 0.062105
33 0.502692 0.692632 0.030000 0.077895
33 0.881154 0.691053 0.028462 0.078947
33 0.176538 0.936316 0.022308 0.062105
35 0.265769 0.264211 0.020769 0.052632
35 0.590769 0.048947 0.021538 0.057895
35 0.912308 0.035263 0.023077 0.066316
35 0.238077 0.646842 0.026923 0.060000
35 0.587692 0.364211 0.024615 0.071579
35 0.934615 0.364211 0.027692 0.067368
35 0.227692 0.940000 0.023077 0.065263
35 0.570000 0.690000 0.030769 0.078947
35 0.949231 0.687895 0.029231 0.078947
1 0.545769 0.237895 0.030000 0.056842
1 0.583462 0.236842 0.033077 0.058947
25 0.850000 0.934737 0.033846 0.073684
25 0.893077 0.936316 0.032308 0.076842
25 0.470769 0.934211 0.032308 0.072632
25 0.219231 0.868947 0.032308 0.066316
25 0.291538 0.566842 0.024615 0.060000
25 0.494231 0.591579 0.028462 0.069474
25 0.840385 0.591053 0.031538 0.070526
25 0.291923 0.408947 0.023846 0.062105
26 0.098462 0.264211 0.018462 0.048421
28 0.135000 0.265263 0.020769 0.048421
28 0.408846 0.049474 0.023846 0.058947
28 0.701923 0.036316 0.025385 0.066316
28 0.084231 0.646316 0.020769 0.061053
29 0.435000 0.047895 0.022308 0.055789
28 0.366538 0.364211 0.026923 0.069474
29 0.154615 0.265789 0.018462 0.053684
31 0.486538 0.047895 0.025385 0.055789
31 0.790385 0.034737 0.026923 0.058947
31 0.190769 0.264211 0.016923 0.052632
32 0.209615 0.264211 0.016154 0.050526
32 0.513462 0.050000 0.023846 0.055789
29 0.730385 0.036316 0.025385 0.062105
32 0.820769 0.036316 0.027692 0.066316
34 0.882692 0.036316 0.023846 0.066316
26 0.943077 0.036316 0.026154 0.064211
27 0.335769 0.365263 0.026923 0.077895
29 0.398077 0.365789 0.025385 0.066316
31 0.460769 0.364211 0.026154 0.071579
34 0.566923 0.049474 0.024615 0.058947
20 0.857308 0.253158 0.023846 0.066316
11 0.882692 0.252632 0.023846 0.063158
29 0.105769 0.646316 0.022308 0.065263
29 0.745385 0.364737 0.026154 0.070526
29 0.075769 0.943158 0.025385 0.075789
29 0.368846 0.692105 0.026923 0.074737
29 0.748462 0.692632 0.029231 0.077895
26 0.619615 0.050526 0.023846 0.056842
26 0.048077 0.650526 0.022308 0.073684
31 0.148846 0.652105 0.023846 0.076842
32 0.171538 0.647895 0.021538 0.068421
32 0.491923 0.366316 0.028462 0.067368
34 0.555385 0.364737 0.026154 0.070526
26 0.619231 0.362632 0.027692 0.076842
27 0.683846 0.364211 0.020000 0.071579
28 0.712692 0.364211 0.026923 0.069474
31 0.806923 0.362632 0.026154 0.066316
32 0.838462 0.364211 0.030769 0.069474
34 0.902308 0.363158 0.032308 0.073684
26 0.966154 0.364211 0.033846 0.069474
34 0.531538 0.592632 0.023077 0.058947
33 0.553462 0.593158 0.020769 0.064211
34 0.577308 0.593684 0.023846 0.065263
31 0.604615 0.594211 0.029231 0.070526
7 0.879231 0.590000 0.023077 0.072632
14 0.905000 0.588947 0.023846 0.066316
34 0.937308 0.588947 0.025385 0.066316
33 0.964231 0.587368 0.028462 0.063158
27 0.030769 0.942632 0.016923 0.076842
28 0.051154 0.940000 0.023846 0.071579
31 0.126538 0.942632 0.025385 0.074737
32 0.152692 0.941053 0.023846 0.073684
26 0.254231 0.936842 0.026923 0.069474
13 0.515000 0.935789 0.031538 0.080000
14 0.545385 0.934737 0.029231 0.075789
5 0.576538 0.933158 0.031538 0.074737
28 0.335000 0.692632 0.031538 0.075789
31 0.436154 0.689474 0.029231 0.075789
32 0.469231 0.691579 0.029231 0.075789
34 0.538462 0.693158 0.029231 0.072632
26 0.605000 0.692632 0.030000 0.073684
28 0.713462 0.691579 0.030000 0.080000
31 0.814615 0.692105 0.029231 0.074737
32 0.848462 0.692632 0.030769 0.073684
34 0.916154 0.693158 0.035385 0.076842
26 0.983462 0.692632 0.026923 0.075789
20 0.923846 0.934211 0.030769 0.074737
7 0.955000 0.936316 0.033077 0.081053
