26 0.059000 0.639167 0.023333 0.091667
26 0.185333 0.374167 0.017333 0.098333
0 0.031333 0.100833 0.018667 0.091667
0 0.463667 0.214167 0.019333 0.081667
1 0.051333 0.104167 0.021333 0.095000
1 0.497667 0.210000 0.024667 0.100000
2 0.071000 0.099167 0.016667 0.095000
3 0.089333 0.104167 0.018667 0.088333
3 0.565333 0.208333 0.021333 0.096667
2 0.530667 0.215000 0.026667 0.110000
4 0.601667 0.215000 0.022000 0.110000
4 0.109333 0.102500 0.017333 0.091667
5 0.127667 0.100833 0.019333 0.091667
5 0.634333 0.210000 0.026000 0.103333
6 0.147000 0.104167 0.019333 0.088333
6 0.669667 0.214167 0.024667 0.101667
7 0.167667 0.099167 0.020667 0.088333
7 0.703667 0.212500 0.023333 0.085000
9 0.032000 0.190833 0.017333 0.085000
9 0.761333 0.213333 0.025333 0.096667
10 0.050333 0.192500 0.019333 0.081667
10 0.796333 0.211667 0.023333 0.086667
8 0.189000 0.099167 0.016667 0.095000
8 0.734333 0.212500 0.019333 0.098333
11 0.069667 0.188333 0.019333 0.083333
11 0.830333 0.215000 0.016667 0.083333
12 0.087667 0.190833 0.018000 0.085000
12 0.866333 0.212500 0.022000 0.095000
13 0.107000 0.195833 0.018000 0.088333
13 0.900000 0.210000 0.022667 0.093333
14 0.125333 0.190833 0.018667 0.085000
14 0.933333 0.211667 0.025333 0.096667
16 0.142667 0.189167 0.018667 0.091667
16 0.463000 0.425000 0.023333 0.103333
17 0.496000 0.422500 0.024000 0.108333
17 0.182333 0.191667 0.022000 0.086667
15 0.161333 0.191667 0.017333 0.086667
15 0.967000 0.212500 0.019333 0.098333
18 0.031667 0.278333 0.019333 0.086667
18 0.532333 0.425833 0.023333 0.101667
19 0.050667 0.277500 0.018667 0.085000
19 0.566000 0.424167 0.024000 0.101667
20 0.068667 0.276667 0.021333 0.083333
20 0.600000 0.425833 0.021333 0.101667
21 0.086333 0.279167 0.015333 0.081667
21 0.635000 0.422500 0.019333 0.105000
22 0.104000 0.276667 0.018667 0.086667
22 0.667667 0.426667 0.027333 0.106667
23 0.124333 0.278333 0.018000 0.096667
23 0.702000 0.421667 0.024000 0.110000
24 0.140333 0.277500 0.015333 0.085000
24 0.735667 0.420833 0.019333 0.108333
25 0.168667 0.279167 0.040000 0.081667
25 0.770000 0.424167 0.025333 0.091667
27 0.025333 0.379167 0.012000 0.108333
27 0.092000 0.641667 0.017333 0.096667
28 0.040000 0.379167 0.017333 0.098333
28 0.123333 0.637500 0.022667 0.098333
29 0.155667 0.637500 0.019333 0.088333
29 0.057000 0.376667 0.015333 0.103333
30 0.192333 0.640000 0.023333 0.100000
30 0.075333 0.380833 0.017333 0.101667
31 0.225667 0.640000 0.026000 0.090000
31 0.093667 0.375000 0.019333 0.096667
32 0.258667 0.638333 0.024000 0.106667
32 0.113333 0.376667 0.017333 0.093333
33 0.131000 0.385833 0.016667 0.118333
33 0.294000 0.639167 0.021333 0.091667
34 0.326667 0.639167 0.025333 0.101667
34 0.149333 0.384167 0.018667 0.108333
35 0.167333 0.380833 0.017333 0.101667
35 0.360333 0.638333 0.023333 0.096667
0 0.462333 0.675000 0.020667 0.096667
1 0.496667 0.680833 0.022667 0.108333
2 0.532000 0.676667 0.028000 0.100000
3 0.568333 0.680000 0.023333 0.096667
4 0.601667 0.680000 0.020667 0.093333
5 0.635667 0.680000 0.023333 0.096667
6 0.669667 0.677500 0.024667 0.101667
7 0.704000 0.680000 0.020000 0.093333
8 0.734000 0.678333 0.018667 0.096667
9 0.763667 0.679167 0.022000 0.098333
10 0.797667 0.679167 0.020667 0.098333
11 0.832000 0.674167 0.021333 0.105000
12 0.865667 0.682500 0.023333 0.091667
13 0.900667 0.682500 0.025333 0.088333
14 0.932333 0.685000 0.023333 0.096667
15 0.966667 0.679167 0.024000 0.085000
16 0.463667 0.895000 0.023333 0.106667
17 0.497333 0.890000 0.024000 0.110000
18 0.533667 0.895000 0.023333 0.096667
19 0.566667 0.890833 0.020000 0.085000
20 0.600667 0.894167 0.020000 0.098333
21 0.633333 0.889167 0.020000 0.098333
22 0.669333 0.894167 0.024000 0.091667
23 0.701667 0.890000 0.027333 0.100000
24 0.737667 0.896667 0.018000 0.096667
25 0.772000 0.898333 0.021333 0.093333
